mstime	trial_type	stim_file	subject	experiment	session	trial	task	item_name	item_num	recog_conf	resp	color_b	color_g	color_r	case	font
0	SESS_START	n/a	LTP118	ltpFR	4	n/a	n/a	n/a	n/a	3	n/a	n/a	n/a	n/a	n/a	n/a
108321	WORD	wordpools/wasnorm_wordpool.txt	LTP118	ltpFR	4	1	1	PARENT	1013	3	0	1	0.412841796875	0.57763671875	upper	../fonts/amplitud.ttf
112487	WORD	wordpools/wasnorm_wordpool.txt	LTP118	ltpFR	4	1	1	FIST	572	n/a	1	1	0.412841796875	0.57763671875	upper	../fonts/amplitud.ttf
116434	WORD	wordpools/wasnorm_wordpool.txt	LTP118	ltpFR	4	1	1	STOVE	1388	n/a	0	1	0.412841796875	0.57763671875	upper	../fonts/amplitud.ttf
120534	WORD	wordpools/wasnorm_wordpool.txt	LTP118	ltpFR	4	1	1	MARKER	870	n/a	0	1	0.412841796875	0.57763671875	upper	../fonts/amplitud.ttf
124466	WORD	wordpools/wasnorm_wordpool.txt	LTP118	ltpFR	4	1	1	TACK	1428	n/a	0	1	0.412841796875	0.57763671875	upper	../fonts/amplitud.ttf
128489	WORD	wordpools/wasnorm_wordpool.txt	LTP118	ltpFR	4	1	0	MULE	931	n/a	1	0	0.5869140625	0.422607421875	lower	../fonts/zerothre.ttf
132563	WORD	wordpools/wasnorm_wordpool.txt	LTP118	ltpFR	4	1	0	ELM	527	n/a	1	0	0.5869140625	0.422607421875	lower	../fonts/zerothre.ttf
136702	WORD	wordpools/wasnorm_wordpool.txt	LTP118	ltpFR	4	1	0	TIMBER	1469	n/a	1	0	0.5869140625	0.422607421875	lower	../fonts/zerothre.ttf
140585	WORD	wordpools/wasnorm_wordpool.txt	LTP118	ltpFR	4	1	0	BOXER	160	n/a	1	0	0.5869140625	0.422607421875	lower	../fonts/zerothre.ttf
144441	WORD	wordpools/wasnorm_wordpool.txt	LTP118	ltpFR	4	1	1	CINNAMON	310	n/a	0	1	0.412841796875	0.57763671875	upper	../fonts/amplitud.ttf
148298	WORD	wordpools/wasnorm_wordpool.txt	LTP118	ltpFR	4	1	1	MONASTERY	907	n/a	0	1	0.412841796875	0.57763671875	upper	../fonts/amplitud.ttf
152422	WORD	wordpools/wasnorm_wordpool.txt	LTP118	ltpFR	4	1	1	LAWYER	806	n/a	1	1	0.412841796875	0.57763671875	upper	../fonts/amplitud.ttf
156337	WORD	wordpools/wasnorm_wordpool.txt	LTP118	ltpFR	4	1	0	DUST	508	n/a	0	0	0.5869140625	0.422607421875	lower	../fonts/zerothre.ttf
160285	WORD	wordpools/wasnorm_wordpool.txt	LTP118	ltpFR	4	1	0	ROBE	1198	n/a	0	0	0.5869140625	0.422607421875	lower	../fonts/zerothre.ttf
164276	WORD	wordpools/wasnorm_wordpool.txt	LTP118	ltpFR	4	1	0	TUXEDO	1525	n/a	0	0	0.5869140625	0.422607421875	lower	../fonts/zerothre.ttf
168399	WORD	wordpools/wasnorm_wordpool.txt	LTP118	ltpFR	4	1	0	GUARDIAN	668	n/a	1	0	0.5869140625	0.422607421875	lower	../fonts/zerothre.ttf
174406	REC_START	n/a	LTP118	ltpFR	4	1	n/a	n/a	n/a	n/a	n/a	n/a	n/a	n/a	n/a	n/a
175339	REC_WORD	wordpools/wasnorm_wordpool.txt	LTP118	ltpFR	4	1	0	GUARDIAN	668	n/a	1	n/a	n/a	n/a	n/a	n/a
176541	REC_WORD	wordpools/wasnorm_wordpool.txt	LTP118	ltpFR	4	1	0	TUXEDO	1525	n/a	0	n/a	n/a	n/a	n/a	n/a
178212	REC_WORD	wordpools/wasnorm_wordpool.txt	LTP118	ltpFR	4	1	0	MULE	931	n/a	1	n/a	n/a	n/a	n/a	n/a
179614	REC_WORD	wordpools/wasnorm_wordpool.txt	LTP118	ltpFR	4	1	1	STOVE	1388	n/a	0	n/a	n/a	n/a	n/a	n/a
181505	REC_WORD	wordpools/wasnorm_wordpool.txt	LTP118	ltpFR	4	1	1	FIST	572	n/a	1	n/a	n/a	n/a	n/a	n/a
183251	REC_WORD	wordpools/wasnorm_wordpool.txt	LTP118	ltpFR	4	1	1	PARENT	1013	n/a	0	n/a	n/a	n/a	n/a	n/a
184817	REC_WORD	wordpools/wasnorm_wordpool.txt	LTP118	ltpFR	4	1	1	MONASTERY	907	n/a	0	n/a	n/a	n/a	n/a	n/a
185817	REC_WORD_VV	wordpools/wasnorm_wordpool.txt	LTP118	ltpFR	4	1	n/a	<>	-1	n/a	n/a	n/a	n/a	n/a	n/a	n/a
186987	REC_WORD	wordpools/wasnorm_wordpool.txt	LTP118	ltpFR	4	1	1	CINNAMON	310	n/a	0	n/a	n/a	n/a	n/a	n/a
191203	REC_WORD	wordpools/wasnorm_wordpool.txt	LTP118	ltpFR	4	1	0	ROBE	1198	n/a	0	n/a	n/a	n/a	n/a	n/a
198765	REC_WORD	wordpools/wasnorm_wordpool.txt	LTP118	ltpFR	4	1	0	BOXER	160	n/a	1	n/a	n/a	n/a	n/a	n/a
206767	REC_WORD	wordpools/wasnorm_wordpool.txt	LTP118	ltpFR	4	1	1	LAWYER	806	n/a	1	n/a	n/a	n/a	n/a	n/a
324727	WORD	wordpools/wasnorm_wordpool.txt	LTP118	ltpFR	4	2	0	GRILL	661	n/a	0	0	0.5869140625	0.422607421875	lower	../fonts/zerothre.ttf
328692	WORD	wordpools/wasnorm_wordpool.txt	LTP118	ltpFR	4	2	0	DISH	474	n/a	0	0	0.5869140625	0.422607421875	lower	../fonts/zerothre.ttf
332634	WORD	wordpools/wasnorm_wordpool.txt	LTP118	ltpFR	4	2	1	ROBOT	1200	n/a	0	1	0.412841796875	0.57763671875	upper	../fonts/amplitud.ttf
336540	WORD	wordpools/wasnorm_wordpool.txt	LTP118	ltpFR	4	2	1	TOE	1473	n/a	1	1	0.412841796875	0.57763671875	upper	../fonts/amplitud.ttf
340506	WORD	wordpools/wasnorm_wordpool.txt	LTP118	ltpFR	4	2	1	HAND	683	n/a	1	1	0.412841796875	0.57763671875	upper	../fonts/amplitud.ttf
344695	WORD	wordpools/wasnorm_wordpool.txt	LTP118	ltpFR	4	2	0	SHIRT	1287	n/a	1	0	0.5869140625	0.422607421875	lower	../fonts/zerothre.ttf
348735	WORD	wordpools/wasnorm_wordpool.txt	LTP118	ltpFR	4	2	0	BUTTON	207	n/a	0	0	0.5869140625	0.422607421875	lower	../fonts/zerothre.ttf
352626	WORD	wordpools/wasnorm_wordpool.txt	LTP118	ltpFR	4	2	0	SEAGULL	1261	n/a	1	0	0.5869140625	0.422607421875	lower	../fonts/zerothre.ttf
356583	WORD	wordpools/wasnorm_wordpool.txt	LTP118	ltpFR	4	2	0	HEAD	695	n/a	1	0	0.5869140625	0.422607421875	lower	../fonts/zerothre.ttf
360624	WORD	wordpools/wasnorm_wordpool.txt	LTP118	ltpFR	4	2	1	VILLAIN	1567	n/a	1	1	0.412841796875	0.57763671875	upper	../fonts/amplitud.ttf
364730	WORD	wordpools/wasnorm_wordpool.txt	LTP118	ltpFR	4	2	1	ROBIN	1199	n/a	1	1	0.412841796875	0.57763671875	upper	../fonts/amplitud.ttf
368861	WORD	wordpools/wasnorm_wordpool.txt	LTP118	ltpFR	4	2	1	NEEDLE	941	n/a	0	1	0.412841796875	0.57763671875	upper	../fonts/amplitud.ttf
372827	WORD	wordpools/wasnorm_wordpool.txt	LTP118	ltpFR	4	2	1	JURY	766	n/a	1	1	0.412841796875	0.57763671875	upper	../fonts/amplitud.ttf
376992	WORD	wordpools/wasnorm_wordpool.txt	LTP118	ltpFR	4	2	1	CROOK	412	n/a	1	1	0.412841796875	0.57763671875	upper	../fonts/amplitud.ttf
380965	WORD	wordpools/wasnorm_wordpool.txt	LTP118	ltpFR	4	2	0	SCARF	1246	n/a	2	0	0.5869140625	0.422607421875	lower	../fonts/zerothre.ttf
381823	KEY_MSG	n/a	LTP118	ltpFR	4	2	n/a	n/a	n/a	n/a	n/a	n/a	n/a	n/a	n/a	n/a
385156	WORD	wordpools/wasnorm_wordpool.txt	LTP118	ltpFR	4	2	0	JOKER	759	n/a	0	0	0.5869140625	0.422607421875	lower	../fonts/zerothre.ttf
390813	REC_START	n/a	LTP118	ltpFR	4	2	n/a	n/a	n/a	n/a	n/a	n/a	n/a	n/a	n/a	n/a
391806	REC_WORD	wordpools/wasnorm_wordpool.txt	LTP118	ltpFR	4	2	0	JOKER	759	n/a	0	n/a	n/a	n/a	n/a	n/a
392878	REC_WORD	wordpools/wasnorm_wordpool.txt	LTP118	ltpFR	4	2	0	SCARF	1246	n/a	2	n/a	n/a	n/a	n/a	n/a
395108	REC_WORD	wordpools/wasnorm_wordpool.txt	LTP118	ltpFR	4	2	1	TOE	1473	n/a	1	n/a	n/a	n/a	n/a	n/a
397318	REC_WORD	wordpools/wasnorm_wordpool.txt	LTP118	ltpFR	4	2	0	SHIRT	1287	n/a	1	n/a	n/a	n/a	n/a	n/a
408627	REC_WORD	wordpools/wasnorm_wordpool.txt	LTP118	ltpFR	4	2	1	HAND	683	n/a	1	n/a	n/a	n/a	n/a	n/a
420361	REC_WORD	wordpools/wasnorm_wordpool.txt	LTP118	ltpFR	4	2	0	GRILL	661	n/a	0	n/a	n/a	n/a	n/a	n/a
536444	WORD	wordpools/wasnorm_wordpool.txt	LTP118	ltpFR	4	3	0	SHOWER	1296	n/a	0	0	0.5869140625	0.422607421875	lower	../fonts/zerothre.ttf
540400	WORD	wordpools/wasnorm_wordpool.txt	LTP118	ltpFR	4	3	0	CAP	236	n/a	0	0	0.5869140625	0.422607421875	lower	../fonts/zerothre.ttf
544341	WORD	wordpools/wasnorm_wordpool.txt	LTP118	ltpFR	4	3	0	SPOUSE	1358	n/a	1	0	0.5869140625	0.422607421875	lower	../fonts/zerothre.ttf
548256	WORD	wordpools/wasnorm_wordpool.txt	LTP118	ltpFR	4	3	0	AFRICA	9	n/a	1	0	0.5869140625	0.422607421875	lower	../fonts/zerothre.ttf
552271	WORD	wordpools/wasnorm_wordpool.txt	LTP118	ltpFR	4	3	0	CHESS	294	n/a	0	0	0.5869140625	0.422607421875	lower	../fonts/zerothre.ttf
556411	WORD	wordpools/wasnorm_wordpool.txt	LTP118	ltpFR	4	3	1	RAG	1160	n/a	0	1	0.412841796875	0.57763671875	upper	../fonts/amplitud.ttf
560318	WORD	wordpools/wasnorm_wordpool.txt	LTP118	ltpFR	4	3	1	FRANCE	601	n/a	0	1	0.412841796875	0.57763671875	upper	../fonts/amplitud.ttf
564450	WORD	wordpools/wasnorm_wordpool.txt	LTP118	ltpFR	4	3	1	AUTHOR	61	n/a	1	1	0.412841796875	0.57763671875	upper	../fonts/amplitud.ttf
568366	WORD	wordpools/wasnorm_wordpool.txt	LTP118	ltpFR	4	3	1	PAGE	1001	n/a	0	1	0.412841796875	0.57763671875	upper	../fonts/amplitud.ttf
572339	WORD	wordpools/wasnorm_wordpool.txt	LTP118	ltpFR	4	3	1	CRATER	400	n/a	0	1	0.412841796875	0.57763671875	upper	../fonts/amplitud.ttf
576530	WORD	wordpools/wasnorm_wordpool.txt	LTP118	ltpFR	4	3	1	ASTRONAUT	51	n/a	1	1	0.412841796875	0.57763671875	upper	../fonts/amplitud.ttf
580370	WORD	wordpools/wasnorm_wordpool.txt	LTP118	ltpFR	4	3	0	PUPIL	1143	n/a	0	0	0.5869140625	0.422607421875	lower	../fonts/zerothre.ttf
584527	WORD	wordpools/wasnorm_wordpool.txt	LTP118	ltpFR	4	3	0	SPONGE	1355	n/a	0	0	0.5869140625	0.422607421875	lower	../fonts/zerothre.ttf
588576	WORD	wordpools/wasnorm_wordpool.txt	LTP118	ltpFR	4	3	0	HUSBAND	728	n/a	1	0	0.5869140625	0.422607421875	lower	../fonts/zerothre.ttf
592566	WORD	wordpools/wasnorm_wordpool.txt	LTP118	ltpFR	4	3	1	LEMON	810	n/a	0	1	0.412841796875	0.57763671875	upper	../fonts/amplitud.ttf
596397	WORD	wordpools/wasnorm_wordpool.txt	LTP118	ltpFR	4	3	1	BISCUIT	130	n/a	0	1	0.412841796875	0.57763671875	upper	../fonts/amplitud.ttf
602187	REC_START	n/a	LTP118	ltpFR	4	3	n/a	n/a	n/a	n/a	n/a	n/a	n/a	n/a	n/a	n/a
603165	REC_WORD	wordpools/wasnorm_wordpool.txt	LTP118	ltpFR	4	3	1	BISCUIT	130	n/a	0	n/a	n/a	n/a	n/a	n/a
604736	REC_WORD	wordpools/wasnorm_wordpool.txt	LTP118	ltpFR	4	3	1	LEMON	810	n/a	0	n/a	n/a	n/a	n/a	n/a
606377	REC_WORD	wordpools/wasnorm_wordpool.txt	LTP118	ltpFR	4	3	0	HUSBAND	728	n/a	1	n/a	n/a	n/a	n/a	n/a
608029	REC_WORD	wordpools/wasnorm_wordpool.txt	LTP118	ltpFR	4	3	0	SHOWER	1296	n/a	0	n/a	n/a	n/a	n/a	n/a
609949	REC_WORD	wordpools/wasnorm_wordpool.txt	LTP118	ltpFR	4	3	0	CAP	236	n/a	0	n/a	n/a	n/a	n/a	n/a
611850	REC_WORD	wordpools/wasnorm_wordpool.txt	LTP118	ltpFR	4	3	0	SPOUSE	1358	n/a	1	n/a	n/a	n/a	n/a	n/a
618580	REC_WORD	wordpools/wasnorm_wordpool.txt	LTP118	ltpFR	4	3	1	ASTRONAUT	51	n/a	1	n/a	n/a	n/a	n/a	n/a
620695	REC_WORD	wordpools/wasnorm_wordpool.txt	LTP118	ltpFR	4	3	0	PUPIL	1143	n/a	0	n/a	n/a	n/a	n/a	n/a
625150	REC_WORD	wordpools/wasnorm_wordpool.txt	LTP118	ltpFR	4	3	1	CRATER	400	n/a	0	n/a	n/a	n/a	n/a	n/a
713322	WORD	wordpools/wasnorm_wordpool.txt	LTP118	ltpFR	4	4	0	NERVE	944	n/a	0	0	0.5869140625	0.422607421875	lower	../fonts/zerothre.ttf
717188	WORD	wordpools/wasnorm_wordpool.txt	LTP118	ltpFR	4	4	0	DINNER	468	n/a	1	0	0.5869140625	0.422607421875	lower	../fonts/zerothre.ttf
721028	WORD	wordpools/wasnorm_wordpool.txt	LTP118	ltpFR	4	4	0	PUDDING	1139	n/a	0	0	0.5869140625	0.422607421875	lower	../fonts/zerothre.ttf
725218	WORD	wordpools/wasnorm_wordpool.txt	LTP118	ltpFR	4	4	0	MINER	896	n/a	1	0	0.5869140625	0.422607421875	lower	../fonts/zerothre.ttf
729342	WORD	wordpools/wasnorm_wordpool.txt	LTP118	ltpFR	4	4	0	SPIDER	1351	n/a	0	0	0.5869140625	0.422607421875	lower	../fonts/zerothre.ttf
733357	WORD	wordpools/wasnorm_wordpool.txt	LTP118	ltpFR	4	4	0	PRESIDENT	1121	n/a	1	0	0.5869140625	0.422607421875	lower	../fonts/zerothre.ttf
737506	WORD	wordpools/wasnorm_wordpool.txt	LTP118	ltpFR	4	4	0	SUPERMARKET	1409	n/a	1	0	0.5869140625	0.422607421875	lower	../fonts/zerothre.ttf
741647	WORD	wordpools/wasnorm_wordpool.txt	LTP118	ltpFR	4	4	0	NECKLACE	940	n/a	1	0	0.5869140625	0.422607421875	lower	../fonts/zerothre.ttf
745727	WORD	wordpools/wasnorm_wordpool.txt	LTP118	ltpFR	4	4	0	PHILOSOPHER	1054	n/a	1	0	0.5869140625	0.422607421875	lower	../fonts/zerothre.ttf
749693	WORD	wordpools/wasnorm_wordpool.txt	LTP118	ltpFR	4	4	0	ANTEATER	26	n/a	1	0	0.5869140625	0.422607421875	lower	../fonts/zerothre.ttf
753509	WORD	wordpools/wasnorm_wordpool.txt	LTP118	ltpFR	4	4	0	ZOO	1637	n/a	1	0	0.5869140625	0.422607421875	lower	../fonts/zerothre.ttf
757707	WORD	wordpools/wasnorm_wordpool.txt	LTP118	ltpFR	4	4	0	JAW	751	n/a	0	0	0.5869140625	0.422607421875	lower	../fonts/zerothre.ttf
761905	WORD	wordpools/wasnorm_wordpool.txt	LTP118	ltpFR	4	4	0	ICEBERG	731	n/a	1	0	0.5869140625	0.422607421875	lower	../fonts/zerothre.ttf
766070	WORD	wordpools/wasnorm_wordpool.txt	LTP118	ltpFR	4	4	0	SWEATER	1419	n/a	0	0	0.5869140625	0.422607421875	lower	../fonts/zerothre.ttf
770144	WORD	wordpools/wasnorm_wordpool.txt	LTP118	ltpFR	4	4	0	BELLY	119	n/a	1	0	0.5869140625	0.422607421875	lower	../fonts/zerothre.ttf
774284	WORD	wordpools/wasnorm_wordpool.txt	LTP118	ltpFR	4	4	0	KEG	770	n/a	1	0	0.5869140625	0.422607421875	lower	../fonts/zerothre.ttf
780241	REC_START	n/a	LTP118	ltpFR	4	4	n/a	n/a	n/a	n/a	n/a	n/a	n/a	n/a	n/a	n/a
781159	REC_WORD	wordpools/wasnorm_wordpool.txt	LTP118	ltpFR	4	4	0	KEG	770	n/a	1	n/a	n/a	n/a	n/a	n/a
782580	REC_WORD	wordpools/wasnorm_wordpool.txt	LTP118	ltpFR	4	4	0	BELLY	119	n/a	1	n/a	n/a	n/a	n/a	n/a
787419	REC_WORD	wordpools/wasnorm_wordpool.txt	LTP118	ltpFR	4	4	0	ICEBERG	731	n/a	1	n/a	n/a	n/a	n/a	n/a
791111	REC_WORD	wordpools/wasnorm_wordpool.txt	LTP118	ltpFR	4	4	0	SWEATER	1419	n/a	0	n/a	n/a	n/a	n/a	n/a
796180	REC_WORD	wordpools/wasnorm_wordpool.txt	LTP118	ltpFR	4	4	0	ZOO	1637	n/a	1	n/a	n/a	n/a	n/a	n/a
798075	REC_WORD	wordpools/wasnorm_wordpool.txt	LTP118	ltpFR	4	4	0	SUPERMARKET	1409	n/a	1	n/a	n/a	n/a	n/a	n/a
851718	REC_WORD	wordpools/wasnorm_wordpool.txt	LTP118	ltpFR	4	4	0	PHILOSOPHER	1054	n/a	1	n/a	n/a	n/a	n/a	n/a
919041	WORD	wordpools/wasnorm_wordpool.txt	LTP118	ltpFR	4	5	1	PILOT	1070	n/a	0	1	0.412841796875	0.57763671875	upper	../fonts/amplitud.ttf
923039	WORD	wordpools/wasnorm_wordpool.txt	LTP118	ltpFR	4	5	1	ACTRESS	6	n/a	1	1	0.412841796875	0.57763671875	upper	../fonts/amplitud.ttf
927146	WORD	wordpools/wasnorm_wordpool.txt	LTP118	ltpFR	4	5	1	FOREST	593	n/a	1	1	0.412841796875	0.57763671875	upper	../fonts/amplitud.ttf
931153	WORD	wordpools/wasnorm_wordpool.txt	LTP118	ltpFR	4	5	1	EDITORIAL	517	n/a	0	1	0.412841796875	0.57763671875	upper	../fonts/amplitud.ttf
935060	WORD	wordpools/wasnorm_wordpool.txt	LTP118	ltpFR	4	5	1	CASHIER	254	n/a	1	1	0.412841796875	0.57763671875	upper	../fonts/amplitud.ttf
938934	WORD	wordpools/wasnorm_wordpool.txt	LTP118	ltpFR	4	5	1	ATTORNEY	58	n/a	1	1	0.412841796875	0.57763671875	upper	../fonts/amplitud.ttf
942882	WORD	wordpools/wasnorm_wordpool.txt	LTP118	ltpFR	4	5	1	TICKET	1464	n/a	0	1	0.412841796875	0.57763671875	upper	../fonts/amplitud.ttf
946873	WORD	wordpools/wasnorm_wordpool.txt	LTP118	ltpFR	4	5	1	CONSOLE	364	n/a	0	1	0.412841796875	0.57763671875	upper	../fonts/amplitud.ttf
950954	WORD	wordpools/wasnorm_wordpool.txt	LTP118	ltpFR	4	5	1	HAT	690	n/a	0	1	0.412841796875	0.57763671875	upper	../fonts/amplitud.ttf
954811	WORD	wordpools/wasnorm_wordpool.txt	LTP118	ltpFR	4	5	1	TIE	1466	n/a	0	1	0.412841796875	0.57763671875	upper	../fonts/amplitud.ttf
958935	WORD	wordpools/wasnorm_wordpool.txt	LTP118	ltpFR	4	5	1	LOOP	844	n/a	0	1	0.412841796875	0.57763671875	upper	../fonts/amplitud.ttf
963125	WORD	wordpools/wasnorm_wordpool.txt	LTP118	ltpFR	4	5	1	CAFE	216	n/a	0	1	0.412841796875	0.57763671875	upper	../fonts/amplitud.ttf
967065	WORD	wordpools/wasnorm_wordpool.txt	LTP118	ltpFR	4	5	1	FEAST	556	n/a	0	1	0.412841796875	0.57763671875	upper	../fonts/amplitud.ttf
970931	WORD	wordpools/wasnorm_wordpool.txt	LTP118	ltpFR	4	5	1	DRIVER	499	n/a	1	1	0.412841796875	0.57763671875	upper	../fonts/amplitud.ttf
975038	WORD	wordpools/wasnorm_wordpool.txt	LTP118	ltpFR	4	5	1	STUMP	1396	n/a	0	1	0.412841796875	0.57763671875	upper	../fonts/amplitud.ttf
979053	WORD	wordpools/wasnorm_wordpool.txt	LTP118	ltpFR	4	5	1	FRECKLE	602	n/a	0	1	0.412841796875	0.57763671875	upper	../fonts/amplitud.ttf
984735	REC_START	n/a	LTP118	ltpFR	4	5	n/a	n/a	n/a	n/a	n/a	n/a	n/a	n/a	n/a	n/a
985348	REC_WORD	wordpools/wasnorm_wordpool.txt	LTP118	ltpFR	4	5	1	FRECKLE	602	n/a	0	n/a	n/a	n/a	n/a	n/a
988960	REC_WORD	wordpools/wasnorm_wordpool.txt	LTP118	ltpFR	4	5	1	DRIVER	499	n/a	1	n/a	n/a	n/a	n/a	n/a
991405	REC_WORD	wordpools/wasnorm_wordpool.txt	LTP118	ltpFR	4	5	1	EDITORIAL	517	n/a	0	n/a	n/a	n/a	n/a	n/a
1012013	REC_WORD	wordpools/wasnorm_wordpool.txt	LTP118	ltpFR	4	5	1	PILOT	1070	n/a	0	n/a	n/a	n/a	n/a	n/a
1166694	WORD	wordpools/wasnorm_wordpool.txt	LTP118	ltpFR	4	6	1	PRISON	1127	n/a	0	1	0.412841796875	0.57763671875	upper	../fonts/amplitud.ttf
1170701	WORD	wordpools/wasnorm_wordpool.txt	LTP118	ltpFR	4	6	1	VICTIM	1562	n/a	1	1	0.412841796875	0.57763671875	upper	../fonts/amplitud.ttf
1174750	WORD	wordpools/wasnorm_wordpool.txt	LTP118	ltpFR	4	6	1	PAINTING	1005	n/a	0	1	0.412841796875	0.57763671875	upper	../fonts/amplitud.ttf
1178848	WORD	wordpools/wasnorm_wordpool.txt	LTP118	ltpFR	4	6	1	ARTIST	43	n/a	1	1	0.412841796875	0.57763671875	upper	../fonts/amplitud.ttf
1182855	WORD	wordpools/wasnorm_wordpool.txt	LTP118	ltpFR	4	6	1	SHELTER	1282	n/a	0	1	0.412841796875	0.57763671875	upper	../fonts/amplitud.ttf
1186862	WORD	wordpools/wasnorm_wordpool.txt	LTP118	ltpFR	4	6	1	PRODUCER	1129	n/a	1	1	0.412841796875	0.57763671875	upper	../fonts/amplitud.ttf
1190852	WORD	wordpools/wasnorm_wordpool.txt	LTP118	ltpFR	4	6	1	COTTON	385	n/a	0	1	0.412841796875	0.57763671875	upper	../fonts/amplitud.ttf
1194926	WORD	wordpools/wasnorm_wordpool.txt	LTP118	ltpFR	4	6	1	MAGICIAN	854	n/a	1	1	0.412841796875	0.57763671875	upper	../fonts/amplitud.ttf
1198925	WORD	wordpools/wasnorm_wordpool.txt	LTP118	ltpFR	4	6	1	WITCH	1617	n/a	0	1	0.412841796875	0.57763671875	upper	../fonts/amplitud.ttf
1203048	WORD	wordpools/wasnorm_wordpool.txt	LTP118	ltpFR	4	6	1	SPY	1360	n/a	1	1	0.412841796875	0.57763671875	upper	../fonts/amplitud.ttf
1206922	WORD	wordpools/wasnorm_wordpool.txt	LTP118	ltpFR	4	6	1	VALVE	1546	n/a	0	1	0.412841796875	0.57763671875	upper	../fonts/amplitud.ttf
1211112	WORD	wordpools/wasnorm_wordpool.txt	LTP118	ltpFR	4	6	1	SUBURB	1399	n/a	0	1	0.412841796875	0.57763671875	upper	../fonts/amplitud.ttf
1215094	WORD	wordpools/wasnorm_wordpool.txt	LTP118	ltpFR	4	6	1	RUST	1219	n/a	0	1	0.412841796875	0.57763671875	upper	../fonts/amplitud.ttf
1219217	WORD	wordpools/wasnorm_wordpool.txt	LTP118	ltpFR	4	6	1	VEHICLE	1553	n/a	0	1	0.412841796875	0.57763671875	upper	../fonts/amplitud.ttf
1223266	WORD	wordpools/wasnorm_wordpool.txt	LTP118	ltpFR	4	6	1	CHAUFFEUR	283	n/a	1	1	0.412841796875	0.57763671875	upper	../fonts/amplitud.ttf
1227239	WORD	wordpools/wasnorm_wordpool.txt	LTP118	ltpFR	4	6	1	COMMUNITY	356	n/a	0	1	0.412841796875	0.57763671875	upper	../fonts/amplitud.ttf
1232938	REC_START	n/a	LTP118	ltpFR	4	6	n/a	n/a	n/a	n/a	n/a	n/a	n/a	n/a	n/a	n/a
1233751	REC_WORD	wordpools/wasnorm_wordpool.txt	LTP118	ltpFR	4	6	1	COMMUNITY	356	n/a	0	n/a	n/a	n/a	n/a	n/a
1236909	REC_WORD	wordpools/wasnorm_wordpool.txt	LTP118	ltpFR	4	6	1	RUST	1219	n/a	0	n/a	n/a	n/a	n/a	n/a
1238749	REC_WORD	wordpools/wasnorm_wordpool.txt	LTP118	ltpFR	4	6	1	VEHICLE	1553	n/a	0	n/a	n/a	n/a	n/a	n/a
1242805	REC_WORD	wordpools/wasnorm_wordpool.txt	LTP118	ltpFR	4	6	1	PRISON	1127	n/a	0	n/a	n/a	n/a	n/a	n/a
1245923	REC_WORD	wordpools/wasnorm_wordpool.txt	LTP118	ltpFR	4	6	1	ARTIST	43	n/a	1	n/a	n/a	n/a	n/a	n/a
1247894	REC_WORD	wordpools/wasnorm_wordpool.txt	LTP118	ltpFR	4	6	1	PRODUCER	1129	n/a	1	n/a	n/a	n/a	n/a	n/a
1250014	REC_WORD	wordpools/wasnorm_wordpool.txt	LTP118	ltpFR	4	6	1	CHAUFFEUR	283	n/a	1	n/a	n/a	n/a	n/a	n/a
1252314	REC_WORD	wordpools/wasnorm_wordpool.txt	LTP118	ltpFR	4	6	1	SUBURB	1399	n/a	0	n/a	n/a	n/a	n/a	n/a
1255172	REC_WORD	wordpools/wasnorm_wordpool.txt	LTP118	ltpFR	4	6	1	COMMUNITY	356	n/a	0	n/a	n/a	n/a	n/a	n/a
1272313	REC_WORD	wordpools/wasnorm_wordpool.txt	LTP118	ltpFR	4	6	1	SPY	1360	n/a	1	n/a	n/a	n/a	n/a	n/a
1389948	WORD	wordpools/wasnorm_wordpool.txt	LTP118	ltpFR	4	7	-1	YARD	1630	n/a	-1	1	1.0	1.0	upper	../fonts/Verdana.ttf
1393764	WORD	wordpools/wasnorm_wordpool.txt	LTP118	ltpFR	4	7	-1	LAWN	805	n/a	-1	1	1.0	1.0	upper	../fonts/Verdana.ttf
1397962	WORD	wordpools/wasnorm_wordpool.txt	LTP118	ltpFR	4	7	-1	ZEBRA	1635	n/a	-1	1	1.0	1.0	upper	../fonts/Verdana.ttf
1402069	WORD	wordpools/wasnorm_wordpool.txt	LTP118	ltpFR	4	7	-1	PITCHFORK	1078	n/a	-1	1	1.0	1.0	upper	../fonts/Verdana.ttf
1406059	WORD	wordpools/wasnorm_wordpool.txt	LTP118	ltpFR	4	7	-1	LITERATURE	831	n/a	-1	1	1.0	1.0	upper	../fonts/Verdana.ttf
1409908	WORD	wordpools/wasnorm_wordpool.txt	LTP118	ltpFR	4	7	-1	CRUTCH	417	n/a	-1	1	1.0	1.0	upper	../fonts/Verdana.ttf
1413740	WORD	wordpools/wasnorm_wordpool.txt	LTP118	ltpFR	4	7	-1	PARCEL	1012	n/a	-1	1	1.0	1.0	upper	../fonts/Verdana.ttf
1417697	WORD	wordpools/wasnorm_wordpool.txt	LTP118	ltpFR	4	7	-1	CONTAINER	366	n/a	-1	1	1.0	1.0	upper	../fonts/Verdana.ttf
1421712	WORD	wordpools/wasnorm_wordpool.txt	LTP118	ltpFR	4	7	-1	HONEY	713	n/a	-1	1	1.0	1.0	upper	../fonts/Verdana.ttf
1425719	WORD	wordpools/wasnorm_wordpool.txt	LTP118	ltpFR	4	7	-1	SHELF	1280	n/a	-1	1	1.0	1.0	upper	../fonts/Verdana.ttf
1429842	WORD	wordpools/wasnorm_wordpool.txt	LTP118	ltpFR	4	7	-1	PRUNE	1134	n/a	-1	1	1.0	1.0	upper	../fonts/Verdana.ttf
1433808	WORD	wordpools/wasnorm_wordpool.txt	LTP118	ltpFR	4	7	-1	FLASK	576	n/a	-1	1	1.0	1.0	upper	../fonts/Verdana.ttf
1437990	WORD	wordpools/wasnorm_wordpool.txt	LTP118	ltpFR	4	7	-1	CREATURE	403	n/a	-1	1	1.0	1.0	upper	../fonts/Verdana.ttf
1442163	WORD	wordpools/wasnorm_wordpool.txt	LTP118	ltpFR	4	7	-1	SAUSAGE	1238	n/a	-1	1	1.0	1.0	upper	../fonts/Verdana.ttf
1446062	WORD	wordpools/wasnorm_wordpool.txt	LTP118	ltpFR	4	7	-1	BONE	148	n/a	-1	1	1.0	1.0	upper	../fonts/Verdana.ttf
1450052	WORD	wordpools/wasnorm_wordpool.txt	LTP118	ltpFR	4	7	-1	SPINE	1353	n/a	-1	1	1.0	1.0	upper	../fonts/Verdana.ttf
1455602	REC_START	n/a	LTP118	ltpFR	4	7	n/a	n/a	n/a	n/a	n/a	n/a	n/a	n/a	n/a	n/a
1456066	REC_WORD	wordpools/wasnorm_wordpool.txt	LTP118	ltpFR	4	7	-1	SPINE	1353	n/a	-1	n/a	n/a	n/a	n/a	n/a
1458051	REC_WORD	wordpools/wasnorm_wordpool.txt	LTP118	ltpFR	4	7	-1	BONE	148	n/a	-1	n/a	n/a	n/a	n/a	n/a
1459398	REC_WORD	wordpools/wasnorm_wordpool.txt	LTP118	ltpFR	4	7	-1	SAUSAGE	1238	n/a	-1	n/a	n/a	n/a	n/a	n/a
1460398	REC_WORD_VV	wordpools/wasnorm_wordpool.txt	LTP118	ltpFR	4	7	n/a	<>	-1	n/a	n/a	n/a	n/a	n/a	n/a	n/a
1461324	REC_WORD	wordpools/wasnorm_wordpool.txt	LTP118	ltpFR	4	7	-1	CREATURE	403	n/a	-1	n/a	n/a	n/a	n/a	n/a
1463035	REC_WORD	wordpools/wasnorm_wordpool.txt	LTP118	ltpFR	4	7	-1	YARD	1630	n/a	-1	n/a	n/a	n/a	n/a	n/a
1464516	REC_WORD	wordpools/wasnorm_wordpool.txt	LTP118	ltpFR	4	7	-1	LAWN	805	n/a	-1	n/a	n/a	n/a	n/a	n/a
1547950	WORD	wordpools/wasnorm_wordpool.txt	LTP118	ltpFR	4	8	0	DOORBELL	487	n/a	0	0	0.5869140625	0.422607421875	lower	../fonts/zerothre.ttf
1552057	WORD	wordpools/wasnorm_wordpool.txt	LTP118	ltpFR	4	8	0	INSTRUCTOR	741	n/a	1	0	0.5869140625	0.422607421875	lower	../fonts/zerothre.ttf
1556156	WORD	wordpools/wasnorm_wordpool.txt	LTP118	ltpFR	4	8	1	STAPLER	1372	n/a	0	1	0.412841796875	0.57763671875	upper	../fonts/amplitud.ttf
1560196	WORD	wordpools/wasnorm_wordpool.txt	LTP118	ltpFR	4	8	1	BANK	83	n/a	0	1	0.412841796875	0.57763671875	upper	../fonts/amplitud.ttf
1564361	WORD	wordpools/wasnorm_wordpool.txt	LTP118	ltpFR	4	8	1	PAWN	1030	n/a	0	1	0.412841796875	0.57763671875	upper	../fonts/amplitud.ttf
1568502	WORD	wordpools/wasnorm_wordpool.txt	LTP118	ltpFR	4	8	1	DRINK	498	n/a	0	1	0.412841796875	0.57763671875	upper	../fonts/amplitud.ttf
1572551	WORD	wordpools/wasnorm_wordpool.txt	LTP118	ltpFR	4	8	0	CORK	380	n/a	0	0	0.5869140625	0.422607421875	lower	../fonts/zerothre.ttf
1576483	WORD	wordpools/wasnorm_wordpool.txt	LTP118	ltpFR	4	8	0	ENGINE	535	n/a	1	0	0.5869140625	0.422607421875	lower	../fonts/zerothre.ttf
1580615	WORD	wordpools/wasnorm_wordpool.txt	LTP118	ltpFR	4	8	0	HINGE	709	n/a	0	0	0.5869140625	0.422607421875	lower	../fonts/zerothre.ttf
1584746	WORD	wordpools/wasnorm_wordpool.txt	LTP118	ltpFR	4	8	1	STUDENT	1395	n/a	0	1	0.412841796875	0.57763671875	upper	../fonts/amplitud.ttf
1588828	WORD	wordpools/wasnorm_wordpool.txt	LTP118	ltpFR	4	8	1	TERMITE	1451	n/a	1	1	0.412841796875	0.57763671875	upper	../fonts/amplitud.ttf
1592909	WORD	wordpools/wasnorm_wordpool.txt	LTP118	ltpFR	4	8	1	LIEUTENANT	818	n/a	1	1	0.412841796875	0.57763671875	upper	../fonts/amplitud.ttf
1596866	WORD	wordpools/wasnorm_wordpool.txt	LTP118	ltpFR	4	8	1	COLONEL	348	n/a	1	1	0.412841796875	0.57763671875	upper	../fonts/amplitud.ttf
1600698	WORD	wordpools/wasnorm_wordpool.txt	LTP118	ltpFR	4	8	0	TICK	1463	n/a	1	0	0.5869140625	0.422607421875	lower	../fonts/zerothre.ttf
1604714	WORD	wordpools/wasnorm_wordpool.txt	LTP118	ltpFR	4	8	0	DAISY	435	n/a	0	0	0.5869140625	0.422607421875	lower	../fonts/zerothre.ttf
1608613	WORD	wordpools/wasnorm_wordpool.txt	LTP118	ltpFR	4	8	0	PECAN	1036	n/a	0	0	0.5869140625	0.422607421875	lower	../fonts/zerothre.ttf
1614294	REC_START	n/a	LTP118	ltpFR	4	8	n/a	n/a	n/a	n/a	n/a	n/a	n/a	n/a	n/a	n/a
1615287	REC_WORD	wordpools/wasnorm_wordpool.txt	LTP118	ltpFR	4	8	0	PECAN	1036	n/a	0	n/a	n/a	n/a	n/a	n/a
1616998	REC_WORD	wordpools/wasnorm_wordpool.txt	LTP118	ltpFR	4	8	0	DOORBELL	487	n/a	0	n/a	n/a	n/a	n/a	n/a
1619258	REC_WORD	wordpools/wasnorm_wordpool.txt	LTP118	ltpFR	4	8	1	STUDENT	1395	n/a	0	n/a	n/a	n/a	n/a	n/a
1628980	REC_WORD	wordpools/wasnorm_wordpool.txt	LTP118	ltpFR	4	8	1	PAWN	1030	n/a	0	n/a	n/a	n/a	n/a	n/a
1630662	REC_WORD	wordpools/wasnorm_wordpool.txt	LTP118	ltpFR	4	8	0	ENGINE	535	n/a	1	n/a	n/a	n/a	n/a	n/a
1632418	REC_WORD	wordpools/wasnorm_wordpool.txt	LTP118	ltpFR	4	8	0	DAISY	435	n/a	0	n/a	n/a	n/a	n/a	n/a
1754344	WORD	wordpools/wasnorm_wordpool.txt	LTP118	ltpFR	4	9	1	LION	827	n/a	1	1	0.412841796875	0.57763671875	upper	../fonts/amplitud.ttf
1758477	WORD	wordpools/wasnorm_wordpool.txt	LTP118	ltpFR	4	9	1	PANTHER	1009	n/a	1	1	0.412841796875	0.57763671875	upper	../fonts/amplitud.ttf
1762316	WORD	wordpools/wasnorm_wordpool.txt	LTP118	ltpFR	4	9	1	ANCHOR	21	n/a	0	1	0.412841796875	0.57763671875	upper	../fonts/amplitud.ttf
1766439	WORD	wordpools/wasnorm_wordpool.txt	LTP118	ltpFR	4	9	1	SINK	1309	n/a	0	1	0.412841796875	0.57763671875	upper	../fonts/amplitud.ttf
1770255	WORD	wordpools/wasnorm_wordpool.txt	LTP118	ltpFR	4	9	1	PICNIC	1060	n/a	0	1	0.412841796875	0.57763671875	upper	../fonts/amplitud.ttf
1774403	WORD	wordpools/wasnorm_wordpool.txt	LTP118	ltpFR	4	9	1	TOOL	1480	n/a	0	1	0.412841796875	0.57763671875	upper	../fonts/amplitud.ttf
1778310	WORD	wordpools/wasnorm_wordpool.txt	LTP118	ltpFR	4	9	1	FOUNTAIN	597	n/a	0	1	0.412841796875	0.57763671875	upper	../fonts/amplitud.ttf
1782159	WORD	wordpools/wasnorm_wordpool.txt	LTP118	ltpFR	4	9	1	PUDDLE	1140	n/a	0	1	0.412841796875	0.57763671875	upper	../fonts/amplitud.ttf
1786224	WORD	wordpools/wasnorm_wordpool.txt	LTP118	ltpFR	4	9	1	FROG	608	n/a	1	1	0.412841796875	0.57763671875	upper	../fonts/amplitud.ttf
1790198	WORD	wordpools/wasnorm_wordpool.txt	LTP118	ltpFR	4	9	1	DRAWER	493	n/a	0	1	0.412841796875	0.57763671875	upper	../fonts/amplitud.ttf
1794255	WORD	wordpools/wasnorm_wordpool.txt	LTP118	ltpFR	4	9	1	PERSON	1052	n/a	1	1	0.412841796875	0.57763671875	upper	../fonts/amplitud.ttf
1798137	WORD	wordpools/wasnorm_wordpool.txt	LTP118	ltpFR	4	9	1	JACKET	747	n/a	0	1	0.412841796875	0.57763671875	upper	../fonts/amplitud.ttf
1802185	WORD	wordpools/wasnorm_wordpool.txt	LTP118	ltpFR	4	9	1	WIDOW	1608	n/a	0	1	0.412841796875	0.57763671875	upper	../fonts/amplitud.ttf
1806175	WORD	wordpools/wasnorm_wordpool.txt	LTP118	ltpFR	4	9	1	AUDIENCE	59	n/a	1	1	0.412841796875	0.57763671875	upper	../fonts/amplitud.ttf
1810207	WORD	wordpools/wasnorm_wordpool.txt	LTP118	ltpFR	4	9	1	SENATE	1267	n/a	1	1	0.412841796875	0.57763671875	upper	../fonts/amplitud.ttf
1814364	WORD	wordpools/wasnorm_wordpool.txt	LTP118	ltpFR	4	9	1	CAFETERIA	217	n/a	0	1	0.412841796875	0.57763671875	upper	../fonts/amplitud.ttf
1820379	REC_START	n/a	LTP118	ltpFR	4	9	n/a	n/a	n/a	n/a	n/a	n/a	n/a	n/a	n/a	n/a
1821127	REC_WORD	wordpools/wasnorm_wordpool.txt	LTP118	ltpFR	4	9	1	CAFETERIA	217	n/a	0	n/a	n/a	n/a	n/a	n/a
1823427	REC_WORD	wordpools/wasnorm_wordpool.txt	LTP118	ltpFR	4	9	1	AUDIENCE	59	n/a	1	n/a	n/a	n/a	n/a	n/a
1828635	REC_WORD	wordpools/wasnorm_wordpool.txt	LTP118	ltpFR	4	9	1	DRAWER	493	n/a	0	n/a	n/a	n/a	n/a	n/a
1837231	REC_WORD	wordpools/wasnorm_wordpool.txt	LTP118	ltpFR	4	9	1	PERSON	1052	n/a	1	n/a	n/a	n/a	n/a	n/a
1859829	REC_WORD	wordpools/wasnorm_wordpool.txt	LTP118	ltpFR	4	9	1	FROG	608	n/a	1	n/a	n/a	n/a	n/a	n/a
1867661	REC_WORD	wordpools/wasnorm_wordpool.txt	LTP118	ltpFR	4	9	1	ANCHOR	21	n/a	0	n/a	n/a	n/a	n/a	n/a
1869457	REC_WORD	wordpools/wasnorm_wordpool.txt	LTP118	ltpFR	4	9	1	LION	827	n/a	1	n/a	n/a	n/a	n/a	n/a
1871378	REC_WORD	wordpools/wasnorm_wordpool.txt	LTP118	ltpFR	4	9	1	PANTHER	1009	n/a	1	n/a	n/a	n/a	n/a	n/a
1943068	WORD	wordpools/wasnorm_wordpool.txt	LTP118	ltpFR	4	10	-1	VIOLA	1570	n/a	-1	1	1.0	1.0	upper	../fonts/Verdana.ttf
1947092	WORD	wordpools/wasnorm_wordpool.txt	LTP118	ltpFR	4	10	-1	SWIMMER	1420	n/a	-1	1	1.0	1.0	upper	../fonts/Verdana.ttf
1951132	WORD	wordpools/wasnorm_wordpool.txt	LTP118	ltpFR	4	10	-1	OYSTER	995	n/a	-1	1	1.0	1.0	upper	../fonts/Verdana.ttf
1955247	WORD	wordpools/wasnorm_wordpool.txt	LTP118	ltpFR	4	10	-1	CRAB	397	n/a	-1	1	1.0	1.0	upper	../fonts/Verdana.ttf
1959396	WORD	wordpools/wasnorm_wordpool.txt	LTP118	ltpFR	4	10	-1	ROOST	1208	n/a	-1	1	1.0	1.0	upper	../fonts/Verdana.ttf
1963529	WORD	wordpools/wasnorm_wordpool.txt	LTP118	ltpFR	4	10	-1	COLESLAW	344	n/a	-1	1	1.0	1.0	upper	../fonts/Verdana.ttf
1967710	WORD	wordpools/wasnorm_wordpool.txt	LTP118	ltpFR	4	10	-1	FEATHER	557	n/a	-1	1	1.0	1.0	upper	../fonts/Verdana.ttf
1971634	WORD	wordpools/wasnorm_wordpool.txt	LTP118	ltpFR	4	10	-1	MOUTH	926	n/a	-1	1	1.0	1.0	upper	../fonts/Verdana.ttf
1975790	WORD	wordpools/wasnorm_wordpool.txt	LTP118	ltpFR	4	10	-1	CONCRETE	361	n/a	-1	1	1.0	1.0	upper	../fonts/Verdana.ttf
1979656	WORD	wordpools/wasnorm_wordpool.txt	LTP118	ltpFR	4	10	-1	GRAPE	654	n/a	-1	1	1.0	1.0	upper	../fonts/Verdana.ttf
1983696	WORD	wordpools/wasnorm_wordpool.txt	LTP118	ltpFR	4	10	-1	MOAT	903	n/a	-1	1	1.0	1.0	upper	../fonts/Verdana.ttf
1987877	WORD	wordpools/wasnorm_wordpool.txt	LTP118	ltpFR	4	10	-1	BRANDY	169	n/a	-1	1	1.0	1.0	upper	../fonts/Verdana.ttf
1991693	WORD	wordpools/wasnorm_wordpool.txt	LTP118	ltpFR	4	10	-1	BEVERAGE	123	n/a	-1	1	1.0	1.0	upper	../fonts/Verdana.ttf
1995716	WORD	wordpools/wasnorm_wordpool.txt	LTP118	ltpFR	4	10	-1	NOTEBOOK	959	n/a	-1	1	1.0	1.0	upper	../fonts/Verdana.ttf
1999591	WORD	wordpools/wasnorm_wordpool.txt	LTP118	ltpFR	4	10	-1	BLACKBERRY	132	n/a	-1	1	1.0	1.0	upper	../fonts/Verdana.ttf
2003755	WORD	wordpools/wasnorm_wordpool.txt	LTP118	ltpFR	4	10	-1	APARTMENT	30	n/a	-1	1	1.0	1.0	upper	../fonts/Verdana.ttf
2009362	REC_START	n/a	LTP118	ltpFR	4	10	n/a	n/a	n/a	n/a	n/a	n/a	n/a	n/a	n/a	n/a
2010195	REC_WORD	wordpools/wasnorm_wordpool.txt	LTP118	ltpFR	4	10	-1	APARTMENT	30	n/a	-1	n/a	n/a	n/a	n/a	n/a
2013288	REC_WORD	wordpools/wasnorm_wordpool.txt	LTP118	ltpFR	4	10	-1	VIOLA	1570	n/a	-1	n/a	n/a	n/a	n/a	n/a
2015428	REC_WORD	wordpools/wasnorm_wordpool.txt	LTP118	ltpFR	4	10	-1	CRAB	397	n/a	-1	n/a	n/a	n/a	n/a	n/a
2017478	REC_WORD	wordpools/wasnorm_wordpool.txt	LTP118	ltpFR	4	10	-1	OYSTER	995	n/a	-1	n/a	n/a	n/a	n/a	n/a
2023634	REC_WORD	wordpools/wasnorm_wordpool.txt	LTP118	ltpFR	4	10	-1	BLACKBERRY	132	n/a	-1	n/a	n/a	n/a	n/a	n/a
2131068	WORD	wordpools/wasnorm_wordpool.txt	LTP118	ltpFR	4	11	1	EGYPT	519	n/a	0	1	0.412841796875	0.57763671875	upper	../fonts/amplitud.ttf
2135183	WORD	wordpools/wasnorm_wordpool.txt	LTP118	ltpFR	4	11	1	ELECTRON	522	n/a	0	1	0.412841796875	0.57763671875	upper	../fonts/amplitud.ttf
2139140	WORD	wordpools/wasnorm_wordpool.txt	LTP118	ltpFR	4	11	0	OMELET	976	n/a	0	0	0.5869140625	0.422607421875	lower	../fonts/zerothre.ttf
2143056	WORD	wordpools/wasnorm_wordpool.txt	LTP118	ltpFR	4	11	0	GANGSTER	620	n/a	1	0	0.5869140625	0.422607421875	lower	../fonts/zerothre.ttf
2147188	WORD	wordpools/wasnorm_wordpool.txt	LTP118	ltpFR	4	11	0	CARAVAN	242	n/a	1	0	0.5869140625	0.422607421875	lower	../fonts/zerothre.ttf
2151161	WORD	wordpools/wasnorm_wordpool.txt	LTP118	ltpFR	4	11	0	BUGGY	188	n/a	0	0	0.5869140625	0.422607421875	lower	../fonts/zerothre.ttf
2155126	WORD	wordpools/wasnorm_wordpool.txt	LTP118	ltpFR	4	11	1	MOTH	920	n/a	1	1	0.412841796875	0.57763671875	upper	../fonts/amplitud.ttf
2159142	WORD	wordpools/wasnorm_wordpool.txt	LTP118	ltpFR	4	11	1	PATROL	1027	n/a	0	1	0.412841796875	0.57763671875	upper	../fonts/amplitud.ttf
2162990	WORD	wordpools/wasnorm_wordpool.txt	LTP118	ltpFR	4	11	1	VACUUM	1543	n/a	0	1	0.412841796875	0.57763671875	upper	../fonts/amplitud.ttf
2167089	WORD	wordpools/wasnorm_wordpool.txt	LTP118	ltpFR	4	11	1	LINEN	825	n/a	0	1	0.412841796875	0.57763671875	upper	../fonts/amplitud.ttf
2171046	WORD	wordpools/wasnorm_wordpool.txt	LTP118	ltpFR	4	11	0	OUTLAW	989	n/a	0	0	0.5869140625	0.422607421875	lower	../fonts/zerothre.ttf
2175111	WORD	wordpools/wasnorm_wordpool.txt	LTP118	ltpFR	4	11	0	GAZELLE	628	n/a	1	0	0.5869140625	0.422607421875	lower	../fonts/zerothre.ttf
2178943	WORD	wordpools/wasnorm_wordpool.txt	LTP118	ltpFR	4	11	0	SHOP	1290	n/a	1	0	0.5869140625	0.422607421875	lower	../fonts/zerothre.ttf
2183125	WORD	wordpools/wasnorm_wordpool.txt	LTP118	ltpFR	4	11	0	PLAZA	1088	n/a	2	0	0.5869140625	0.422607421875	lower	../fonts/zerothre.ttf
2184882	KEY_MSG	n/a	LTP118	ltpFR	4	11	n/a	n/a	n/a	n/a	n/a	n/a	n/a	n/a	n/a	n/a
2187398	WORD	wordpools/wasnorm_wordpool.txt	LTP118	ltpFR	4	11	1	COCOON	339	n/a	0	1	0.412841796875	0.57763671875	upper	../fonts/amplitud.ttf
2191539	WORD	wordpools/wasnorm_wordpool.txt	LTP118	ltpFR	4	11	1	SPATULA	1348	n/a	0	1	0.412841796875	0.57763671875	upper	../fonts/amplitud.ttf
2197429	REC_START	n/a	LTP118	ltpFR	4	11	n/a	n/a	n/a	n/a	n/a	n/a	n/a	n/a	n/a	n/a
2199379	REC_WORD	wordpools/wasnorm_wordpool.txt	LTP118	ltpFR	4	11	1	COCOON	339	n/a	0	n/a	n/a	n/a	n/a	n/a
2200512	REC_WORD	wordpools/wasnorm_wordpool.txt	LTP118	ltpFR	4	11	1	SPATULA	1348	n/a	0	n/a	n/a	n/a	n/a	n/a
2201512	REC_WORD_VV	wordpools/wasnorm_wordpool.txt	LTP118	ltpFR	4	11	n/a	<>	-1	n/a	n/a	n/a	n/a	n/a	n/a	n/a
2202512	REC_WORD	wordpools/wasnorm_wordpool.txt	LTP118	ltpFR	4	11	1	MOTH	920	n/a	1	n/a	n/a	n/a	n/a	n/a
2210609	REC_WORD	wordpools/wasnorm_wordpool.txt	LTP118	ltpFR	4	11	0	GAZELLE	628	n/a	1	n/a	n/a	n/a	n/a	n/a
2336187	WORD	wordpools/wasnorm_wordpool.txt	LTP118	ltpFR	4	12	-1	RACCOON	1153	n/a	-1	1	1.0	1.0	upper	../fonts/Verdana.ttf
2340019	WORD	wordpools/wasnorm_wordpool.txt	LTP118	ltpFR	4	12	-1	KITTEN	780	n/a	-1	1	1.0	1.0	upper	../fonts/Verdana.ttf
2344184	WORD	wordpools/wasnorm_wordpool.txt	LTP118	ltpFR	4	12	-1	SCROLL	1257	n/a	-1	1	1.0	1.0	upper	../fonts/Verdana.ttf
2348216	WORD	wordpools/wasnorm_wordpool.txt	LTP118	ltpFR	4	12	-1	OCTOPUS	971	n/a	-1	1	1.0	1.0	upper	../fonts/Verdana.ttf
2352290	WORD	wordpools/wasnorm_wordpool.txt	LTP118	ltpFR	4	12	-1	NET	946	n/a	-1	1	1.0	1.0	upper	../fonts/Verdana.ttf
2356347	WORD	wordpools/wasnorm_wordpool.txt	LTP118	ltpFR	4	12	-1	STREAM	1392	n/a	-1	1	1.0	1.0	upper	../fonts/Verdana.ttf
2360554	WORD	wordpools/wasnorm_wordpool.txt	LTP118	ltpFR	4	12	-1	LAGOON	795	n/a	-1	1	1.0	1.0	upper	../fonts/Verdana.ttf
2364586	WORD	wordpools/wasnorm_wordpool.txt	LTP118	ltpFR	4	12	-1	SKUNK	1321	n/a	-1	1	1.0	1.0	upper	../fonts/Verdana.ttf
2368775	WORD	wordpools/wasnorm_wordpool.txt	LTP118	ltpFR	4	12	-1	DIRT	472	n/a	-1	1	1.0	1.0	upper	../fonts/Verdana.ttf
2372907	WORD	wordpools/wasnorm_wordpool.txt	LTP118	ltpFR	4	12	-1	MOUSE	925	n/a	-1	1	1.0	1.0	upper	../fonts/Verdana.ttf
2376973	WORD	wordpools/wasnorm_wordpool.txt	LTP118	ltpFR	4	12	-1	NEWSSTAND	949	n/a	-1	1	1.0	1.0	upper	../fonts/Verdana.ttf
2381013	WORD	wordpools/wasnorm_wordpool.txt	LTP118	ltpFR	4	12	-1	SWITCH	1422	n/a	-1	1	1.0	1.0	upper	../fonts/Verdana.ttf
2385128	WORD	wordpools/wasnorm_wordpool.txt	LTP118	ltpFR	4	12	-1	BOWL	158	n/a	-1	1	1.0	1.0	upper	../fonts/Verdana.ttf
2389310	WORD	wordpools/wasnorm_wordpool.txt	LTP118	ltpFR	4	12	-1	PONY	1102	n/a	-1	1	1.0	1.0	upper	../fonts/Verdana.ttf
2393358	WORD	wordpools/wasnorm_wordpool.txt	LTP118	ltpFR	4	12	-1	STRAW	1390	n/a	-1	1	1.0	1.0	upper	../fonts/Verdana.ttf
2397224	WORD	wordpools/wasnorm_wordpool.txt	LTP118	ltpFR	4	12	-1	PUMPKIN	1142	n/a	-1	1	1.0	1.0	upper	../fonts/Verdana.ttf
2402872	REC_START	n/a	LTP118	ltpFR	4	12	n/a	n/a	n/a	n/a	n/a	n/a	n/a	n/a	n/a	n/a
2403620	REC_WORD	wordpools/wasnorm_wordpool.txt	LTP118	ltpFR	4	12	-1	PUMPKIN	1142	n/a	-1	n/a	n/a	n/a	n/a	n/a
2404937	REC_WORD	wordpools/wasnorm_wordpool.txt	LTP118	ltpFR	4	12	-1	STRAW	1390	n/a	-1	n/a	n/a	n/a	n/a	n/a
2407232	REC_WORD	wordpools/wasnorm_wordpool.txt	LTP118	ltpFR	4	12	-1	RACCOON	1153	n/a	-1	n/a	n/a	n/a	n/a	n/a
2413104	REC_WORD	wordpools/wasnorm_wordpool.txt	LTP118	ltpFR	4	12	-1	SKUNK	1321	n/a	-1	n/a	n/a	n/a	n/a	n/a
2414939	REC_WORD	wordpools/wasnorm_wordpool.txt	LTP118	ltpFR	4	12	-1	SWITCH	1422	n/a	-1	n/a	n/a	n/a	n/a	n/a
2478496	REST_REWET	n/a	LTP118	ltpFR	4	12	n/a	n/a	n/a	n/a	n/a	n/a	n/a	n/a	n/a	n/a
2866608	WORD	wordpools/wasnorm_wordpool.txt	LTP118	ltpFR	4	13	-1	DEPARTMENT	449	n/a	-1	1	1.0	1.0	upper	../fonts/Verdana.ttf
2870623	WORD	wordpools/wasnorm_wordpool.txt	LTP118	ltpFR	4	13	-1	TUBE	1516	n/a	-1	1	1.0	1.0	upper	../fonts/Verdana.ttf
2874580	WORD	wordpools/wasnorm_wordpool.txt	LTP118	ltpFR	4	13	-1	TAXI	1438	n/a	-1	1	1.0	1.0	upper	../fonts/Verdana.ttf
2878479	WORD	wordpools/wasnorm_wordpool.txt	LTP118	ltpFR	4	13	-1	WORKER	1621	n/a	-1	1	1.0	1.0	upper	../fonts/Verdana.ttf
2882377	WORD	wordpools/wasnorm_wordpool.txt	LTP118	ltpFR	4	13	-1	DRUM	502	n/a	-1	1	1.0	1.0	upper	../fonts/Verdana.ttf
2886250	WORD	wordpools/wasnorm_wordpool.txt	LTP118	ltpFR	4	13	-1	TRUMPET	1513	n/a	-1	1	1.0	1.0	upper	../fonts/Verdana.ttf
2890182	WORD	wordpools/wasnorm_wordpool.txt	LTP118	ltpFR	4	13	-1	POOL	1103	n/a	-1	1	1.0	1.0	upper	../fonts/Verdana.ttf
2894247	WORD	wordpools/wasnorm_wordpool.txt	LTP118	ltpFR	4	13	-1	TOWER	1490	n/a	-1	1	1.0	1.0	upper	../fonts/Verdana.ttf
2898413	WORD	wordpools/wasnorm_wordpool.txt	LTP118	ltpFR	4	13	-1	LAPEL	800	n/a	-1	1	1.0	1.0	upper	../fonts/Verdana.ttf
2902345	WORD	wordpools/wasnorm_wordpool.txt	LTP118	ltpFR	4	13	-1	BLOCKADE	137	n/a	-1	1	1.0	1.0	upper	../fonts/Verdana.ttf
2906193	WORD	wordpools/wasnorm_wordpool.txt	LTP118	ltpFR	4	13	-1	WATERFALL	1595	n/a	-1	1	1.0	1.0	upper	../fonts/Verdana.ttf
2910083	WORD	wordpools/wasnorm_wordpool.txt	LTP118	ltpFR	4	13	-1	TOOTHBRUSH	1482	n/a	-1	1	1.0	1.0	upper	../fonts/Verdana.ttf
2913924	WORD	wordpools/wasnorm_wordpool.txt	LTP118	ltpFR	4	13	-1	CAN	225	n/a	-1	1	1.0	1.0	upper	../fonts/Verdana.ttf
2918114	WORD	wordpools/wasnorm_wordpool.txt	LTP118	ltpFR	4	13	-1	CYLINDER	432	n/a	-1	1	1.0	1.0	upper	../fonts/Verdana.ttf
2922054	WORD	wordpools/wasnorm_wordpool.txt	LTP118	ltpFR	4	13	-1	WATER	1594	n/a	-1	1	1.0	1.0	upper	../fonts/Verdana.ttf
2925994	WORD	wordpools/wasnorm_wordpool.txt	LTP118	ltpFR	4	13	-1	BATHTUB	100	n/a	-1	1	1.0	1.0	upper	../fonts/Verdana.ttf
2931701	REC_START	n/a	LTP118	ltpFR	4	13	n/a	n/a	n/a	n/a	n/a	n/a	n/a	n/a	n/a	n/a
2932833	REC_WORD	wordpools/wasnorm_wordpool.txt	LTP118	ltpFR	4	13	-1	BATHTUB	100	n/a	-1	n/a	n/a	n/a	n/a	n/a
2934135	REC_WORD	wordpools/wasnorm_wordpool.txt	LTP118	ltpFR	4	13	-1	WATER	1594	n/a	-1	n/a	n/a	n/a	n/a	n/a
2935417	REC_WORD	wordpools/wasnorm_wordpool.txt	LTP118	ltpFR	4	13	-1	CAN	225	n/a	-1	n/a	n/a	n/a	n/a	n/a
2936709	REC_WORD	wordpools/wasnorm_wordpool.txt	LTP118	ltpFR	4	13	-1	CYLINDER	432	n/a	-1	n/a	n/a	n/a	n/a	n/a
2938336	REC_WORD	wordpools/wasnorm_wordpool.txt	LTP118	ltpFR	4	13	-1	TAXI	1438	n/a	-1	n/a	n/a	n/a	n/a	n/a
2939842	REC_WORD	wordpools/wasnorm_wordpool.txt	LTP118	ltpFR	4	13	-1	WORKER	1621	n/a	-1	n/a	n/a	n/a	n/a	n/a
2941234	REC_WORD	wordpools/wasnorm_wordpool.txt	LTP118	ltpFR	4	13	-1	DRUM	502	n/a	-1	n/a	n/a	n/a	n/a	n/a
2942865	REC_WORD	wordpools/wasnorm_wordpool.txt	LTP118	ltpFR	4	13	-1	POOL	1103	n/a	-1	n/a	n/a	n/a	n/a	n/a
2944741	REC_WORD	wordpools/wasnorm_wordpool.txt	LTP118	ltpFR	4	13	-1	DEPARTMENT	449	n/a	-1	n/a	n/a	n/a	n/a	n/a
2948273	REC_WORD	wordpools/wasnorm_wordpool.txt	LTP118	ltpFR	4	13	-1	TUBE	1516	n/a	-1	n/a	n/a	n/a	n/a	n/a
3037880	WORD	wordpools/wasnorm_wordpool.txt	LTP118	ltpFR	4	14	1	FRUIT	610	n/a	1	1	0.412841796875	0.57763671875	upper	../fonts/amplitud.ttf
3041878	WORD	wordpools/wasnorm_wordpool.txt	LTP118	ltpFR	4	14	1	DWARF	510	n/a	1	1	0.412841796875	0.57763671875	upper	../fonts/amplitud.ttf
3045794	WORD	wordpools/wasnorm_wordpool.txt	LTP118	ltpFR	4	14	1	PLIERS	1089	n/a	0	1	0.412841796875	0.57763671875	upper	../fonts/amplitud.ttf
3049884	WORD	wordpools/wasnorm_wordpool.txt	LTP118	ltpFR	4	14	1	TILE	1468	n/a	0	1	0.412841796875	0.57763671875	upper	../fonts/amplitud.ttf
3054066	WORD	wordpools/wasnorm_wordpool.txt	LTP118	ltpFR	4	14	1	RASPBERRY	1168	n/a	1	1	0.412841796875	0.57763671875	upper	../fonts/amplitud.ttf
3058214	WORD	wordpools/wasnorm_wordpool.txt	LTP118	ltpFR	4	14	0	PLUM	1090	n/a	0	0	0.5869140625	0.422607421875	lower	../fonts/zerothre.ttf
3062254	WORD	wordpools/wasnorm_wordpool.txt	LTP118	ltpFR	4	14	0	CREEK	404	n/a	1	0	0.5869140625	0.422607421875	lower	../fonts/zerothre.ttf
3066161	WORD	wordpools/wasnorm_wordpool.txt	LTP118	ltpFR	4	14	0	ALLIGATOR	16	n/a	1	0	0.5869140625	0.422607421875	lower	../fonts/zerothre.ttf
3070085	WORD	wordpools/wasnorm_wordpool.txt	LTP118	ltpFR	4	14	1	LOVER	846	n/a	1	1	0.412841796875	0.57763671875	upper	../fonts/amplitud.ttf
3074075	WORD	wordpools/wasnorm_wordpool.txt	LTP118	ltpFR	4	14	1	SCAPEGOAT	1244	n/a	0	1	0.412841796875	0.57763671875	upper	../fonts/amplitud.ttf
3077957	WORD	wordpools/wasnorm_wordpool.txt	LTP118	ltpFR	4	14	1	SIREN	1310	n/a	1	1	0.412841796875	0.57763671875	upper	../fonts/amplitud.ttf
3081931	WORD	wordpools/wasnorm_wordpool.txt	LTP118	ltpFR	4	14	0	AGENT	10	n/a	1	0	0.5869140625	0.422607421875	lower	../fonts/zerothre.ttf
3085863	WORD	wordpools/wasnorm_wordpool.txt	LTP118	ltpFR	4	14	0	WHISKERS	1605	n/a	0	0	0.5869140625	0.422607421875	lower	../fonts/zerothre.ttf
3089895	WORD	wordpools/wasnorm_wordpool.txt	LTP118	ltpFR	4	14	0	SILVERWARE	1308	n/a	n/a	0	0.5869140625	0.422607421875	lower	../fonts/zerothre.ttf
3092919	SLOW_MSG	n/a	LTP118	ltpFR	4	14	n/a	n/a	n/a	n/a	n/a	n/a	n/a	n/a	n/a	n/a
3095485	WORD	wordpools/wasnorm_wordpool.txt	LTP118	ltpFR	4	14	0	CLAY	320	n/a	0	0	0.5869140625	0.422607421875	lower	../fonts/zerothre.ttf
3099592	WORD	wordpools/wasnorm_wordpool.txt	LTP118	ltpFR	4	14	0	PARTNER	1017	n/a	1	0	0.5869140625	0.422607421875	lower	../fonts/zerothre.ttf
3105507	REC_START	n/a	LTP118	ltpFR	4	14	n/a	n/a	n/a	n/a	n/a	n/a	n/a	n/a	n/a	n/a
3106395	REC_WORD	wordpools/wasnorm_wordpool.txt	LTP118	ltpFR	4	14	0	PARTNER	1017	n/a	1	n/a	n/a	n/a	n/a	n/a
3107837	REC_WORD	wordpools/wasnorm_wordpool.txt	LTP118	ltpFR	4	14	0	CLAY	320	n/a	0	n/a	n/a	n/a	n/a	n/a
3109273	REC_WORD	wordpools/wasnorm_wordpool.txt	LTP118	ltpFR	4	14	1	LOVER	846	n/a	1	n/a	n/a	n/a	n/a	n/a
3123286	REC_WORD	wordpools/wasnorm_wordpool.txt	LTP118	ltpFR	4	14	1	FRUIT	610	n/a	1	n/a	n/a	n/a	n/a	n/a
3214892	WORD	wordpools/wasnorm_wordpool.txt	LTP118	ltpFR	4	15	0	CLASS	318	n/a	0	0	0.5869140625	0.422607421875	lower	../fonts/zerothre.ttf
3218790	WORD	wordpools/wasnorm_wordpool.txt	LTP118	ltpFR	4	15	0	METEOR	889	n/a	1	0	0.5869140625	0.422607421875	lower	../fonts/zerothre.ttf
3222764	WORD	wordpools/wasnorm_wordpool.txt	LTP118	ltpFR	4	15	0	MOON	914	n/a	1	0	0.5869140625	0.422607421875	lower	../fonts/zerothre.ttf
3226738	WORD	wordpools/wasnorm_wordpool.txt	LTP118	ltpFR	4	15	0	HEEL	700	n/a	0	0	0.5869140625	0.422607421875	lower	../fonts/zerothre.ttf
3230662	WORD	wordpools/wasnorm_wordpool.txt	LTP118	ltpFR	4	15	0	BEAKER	104	n/a	1	0	0.5869140625	0.422607421875	lower	../fonts/zerothre.ttf
3234494	WORD	wordpools/wasnorm_wordpool.txt	LTP118	ltpFR	4	15	0	BLUEPRINT	142	n/a	1	0	0.5869140625	0.422607421875	lower	../fonts/zerothre.ttf
3238359	WORD	wordpools/wasnorm_wordpool.txt	LTP118	ltpFR	4	15	0	CABIN	211	n/a	1	0	0.5869140625	0.422607421875	lower	../fonts/zerothre.ttf
3242232	WORD	wordpools/wasnorm_wordpool.txt	LTP118	ltpFR	4	15	0	SCIENTIST	1249	n/a	1	0	0.5869140625	0.422607421875	lower	../fonts/zerothre.ttf
3246114	WORD	wordpools/wasnorm_wordpool.txt	LTP118	ltpFR	4	15	0	NITROGEN	954	n/a	0	0	0.5869140625	0.422607421875	lower	../fonts/zerothre.ttf
3249929	WORD	wordpools/wasnorm_wordpool.txt	LTP118	ltpFR	4	15	0	LITTER	832	n/a	0	0	0.5869140625	0.422607421875	lower	../fonts/zerothre.ttf
3253886	WORD	wordpools/wasnorm_wordpool.txt	LTP118	ltpFR	4	15	0	OFFICER	973	n/a	1	0	0.5869140625	0.422607421875	lower	../fonts/zerothre.ttf
3258018	WORD	wordpools/wasnorm_wordpool.txt	LTP118	ltpFR	4	15	0	AMBULANCE	19	n/a	1	0	0.5869140625	0.422607421875	lower	../fonts/zerothre.ttf
3261900	WORD	wordpools/wasnorm_wordpool.txt	LTP118	ltpFR	4	15	0	FAN	551	n/a	1	0	0.5869140625	0.422607421875	lower	../fonts/zerothre.ttf
3265791	WORD	wordpools/wasnorm_wordpool.txt	LTP118	ltpFR	4	15	0	BALLERINA	74	n/a	1	0	0.5869140625	0.422607421875	lower	../fonts/zerothre.ttf
3269964	WORD	wordpools/wasnorm_wordpool.txt	LTP118	ltpFR	4	15	0	CHARCOAL	281	n/a	0	0	0.5869140625	0.422607421875	lower	../fonts/zerothre.ttf
3273938	WORD	wordpools/wasnorm_wordpool.txt	LTP118	ltpFR	4	15	0	BUCKLE	185	n/a	0	0	0.5869140625	0.422607421875	lower	../fonts/zerothre.ttf
3279562	REC_START	n/a	LTP118	ltpFR	4	15	n/a	n/a	n/a	n/a	n/a	n/a	n/a	n/a	n/a	n/a
3280315	REC_WORD	wordpools/wasnorm_wordpool.txt	LTP118	ltpFR	4	15	0	BUCKLE	185	n/a	0	n/a	n/a	n/a	n/a	n/a
3281437	REC_WORD	wordpools/wasnorm_wordpool.txt	LTP118	ltpFR	4	15	0	AMBULANCE	19	n/a	1	n/a	n/a	n/a	n/a	n/a
3283009	REC_WORD	wordpools/wasnorm_wordpool.txt	LTP118	ltpFR	4	15	0	OFFICER	973	n/a	1	n/a	n/a	n/a	n/a	n/a
3284540	REC_WORD	wordpools/wasnorm_wordpool.txt	LTP118	ltpFR	4	15	0	SCIENTIST	1249	n/a	1	n/a	n/a	n/a	n/a	n/a
3285540	REC_WORD_VV	wordpools/wasnorm_wordpool.txt	LTP118	ltpFR	4	15	n/a	<>	-1	n/a	n/a	n/a	n/a	n/a	n/a	n/a
3293814	REC_WORD	wordpools/wasnorm_wordpool.txt	LTP118	ltpFR	4	15	0	CABIN	211	n/a	1	n/a	n/a	n/a	n/a	n/a
3298898	REC_WORD	wordpools/wasnorm_wordpool.txt	LTP118	ltpFR	4	15	0	HEEL	700	n/a	0	n/a	n/a	n/a	n/a	n/a
3338094	REC_WORD	wordpools/wasnorm_wordpool.txt	LTP118	ltpFR	4	15	0	BEAKER	104	n/a	1	n/a	n/a	n/a	n/a	n/a
3393045	WORD	wordpools/wasnorm_wordpool.txt	LTP118	ltpFR	4	16	0	OTTER	986	n/a	1	0	0.5869140625	0.422607421875	lower	../fonts/zerothre.ttf
3396902	WORD	wordpools/wasnorm_wordpool.txt	LTP118	ltpFR	4	16	0	CAGE	218	n/a	0	0	0.5869140625	0.422607421875	lower	../fonts/zerothre.ttf
3400793	WORD	wordpools/wasnorm_wordpool.txt	LTP118	ltpFR	4	16	0	STONE	1385	n/a	0	0	0.5869140625	0.422607421875	lower	../fonts/zerothre.ttf
3404642	WORD	wordpools/wasnorm_wordpool.txt	LTP118	ltpFR	4	16	0	GRAVE	658	n/a	0	0	0.5869140625	0.422607421875	lower	../fonts/zerothre.ttf
3408781	WORD	wordpools/wasnorm_wordpool.txt	LTP118	ltpFR	4	16	0	FUNERAL	613	n/a	1	0	0.5869140625	0.422607421875	lower	../fonts/zerothre.ttf
3412673	WORD	wordpools/wasnorm_wordpool.txt	LTP118	ltpFR	4	16	0	ALBUM	14	n/a	0	0	0.5869140625	0.422607421875	lower	../fonts/zerothre.ttf
3416837	WORD	wordpools/wasnorm_wordpool.txt	LTP118	ltpFR	4	16	0	TROMBONE	1508	n/a	1	0	0.5869140625	0.422607421875	lower	../fonts/zerothre.ttf
3421035	WORD	wordpools/wasnorm_wordpool.txt	LTP118	ltpFR	4	16	0	DOCUMENT	479	n/a	0	0	0.5869140625	0.422607421875	lower	../fonts/zerothre.ttf
3425034	WORD	wordpools/wasnorm_wordpool.txt	LTP118	ltpFR	4	16	0	GROUND	666	n/a	1	0	0.5869140625	0.422607421875	lower	../fonts/zerothre.ttf
3428941	WORD	wordpools/wasnorm_wordpool.txt	LTP118	ltpFR	4	16	0	WAVE	1596	n/a	1	0	0.5869140625	0.422607421875	lower	../fonts/zerothre.ttf
3433048	WORD	wordpools/wasnorm_wordpool.txt	LTP118	ltpFR	4	16	0	COPIER	377	n/a	1	0	0.5869140625	0.422607421875	lower	../fonts/zerothre.ttf
3436963	WORD	wordpools/wasnorm_wordpool.txt	LTP118	ltpFR	4	16	0	RICE	1190	n/a	0	0	0.5869140625	0.422607421875	lower	../fonts/zerothre.ttf
3440912	WORD	wordpools/wasnorm_wordpool.txt	LTP118	ltpFR	4	16	0	OCEAN	970	n/a	1	0	0.5869140625	0.422607421875	lower	../fonts/zerothre.ttf
3445027	WORD	wordpools/wasnorm_wordpool.txt	LTP118	ltpFR	4	16	0	CAVE	263	n/a	1	0	0.5869140625	0.422607421875	lower	../fonts/zerothre.ttf
3449092	WORD	wordpools/wasnorm_wordpool.txt	LTP118	ltpFR	4	16	0	VETERAN	1561	n/a	1	0	0.5869140625	0.422607421875	lower	../fonts/zerothre.ttf
3453032	WORD	wordpools/wasnorm_wordpool.txt	LTP118	ltpFR	4	16	0	INCENSE	735	n/a	0	0	0.5869140625	0.422607421875	lower	../fonts/zerothre.ttf
3459014	REC_START	n/a	LTP118	ltpFR	4	16	n/a	n/a	n/a	n/a	n/a	n/a	n/a	n/a	n/a	n/a
3459473	REC_WORD	wordpools/wasnorm_wordpool.txt	LTP118	ltpFR	4	16	0	INCENSE	735	n/a	0	n/a	n/a	n/a	n/a	n/a
3460700	REC_WORD	wordpools/wasnorm_wordpool.txt	LTP118	ltpFR	4	16	0	VETERAN	1561	n/a	1	n/a	n/a	n/a	n/a	n/a
3461942	REC_WORD	wordpools/wasnorm_wordpool.txt	LTP118	ltpFR	4	16	0	CAVE	263	n/a	1	n/a	n/a	n/a	n/a	n/a
3463479	REC_WORD	wordpools/wasnorm_wordpool.txt	LTP118	ltpFR	4	16	0	OCEAN	970	n/a	1	n/a	n/a	n/a	n/a	n/a
3465354	REC_WORD	wordpools/wasnorm_wordpool.txt	LTP118	ltpFR	4	16	0	OTTER	986	n/a	1	n/a	n/a	n/a	n/a	n/a
3579147	REC_START	n/a	LTP118	ltpFR	4	1	n/a	n/a	n/a	n/a	n/a	n/a	n/a	n/a	n/a	n/a
3579188	RECOG_TARGET	n/a	LTP118	ltpFR	4	1	-1	PRUNE	1134	3	-1	n/a	n/a	n/a	n/a	n/a
3580738	RECOG_RESP	n/a	LTP118	ltpFR	4	1	-1	PRUNE	1134	n/a	-1	n/a	n/a	n/a	n/a	n/a
3582404	RECOG_CONF	n/a	LTP118	ltpFR	4	1	-1	PRUNE	1134	3	-1	n/a	n/a	n/a	n/a	n/a
3583761	RECOG_TARGET	n/a	LTP118	ltpFR	4	1	0	BUTTON	207	2	0	n/a	n/a	n/a	n/a	n/a
3584525	RECOG_RESP	n/a	LTP118	ltpFR	4	1	0	BUTTON	207	n/a	0	n/a	n/a	n/a	n/a	n/a
3585408	RECOG_CONF	n/a	LTP118	ltpFR	4	1	0	BUTTON	207	2	0	n/a	n/a	n/a	n/a	n/a
3586760	RECOG_LURE	n/a	LTP118	ltpFR	4	1	n/a	MUSHROOM	934	4	n/a	n/a	n/a	n/a	n/a	n/a
3587398	RECOG_RESP	n/a	LTP118	ltpFR	4	1	n/a	MUSHROOM	934	n/a	n/a	n/a	n/a	n/a	n/a	n/a
3588231	RECOG_CONF	n/a	LTP118	ltpFR	4	1	n/a	MUSHROOM	934	4	n/a	n/a	n/a	n/a	n/a	n/a
3589627	RECOG_TARGET	n/a	LTP118	ltpFR	4	1	0	PLUM	1090	4	0	n/a	n/a	n/a	n/a	n/a
3590167	RECOG_RESP	n/a	LTP118	ltpFR	4	1	0	PLUM	1090	n/a	0	n/a	n/a	n/a	n/a	n/a
3590865	RECOG_CONF	n/a	LTP118	ltpFR	4	1	0	PLUM	1090	4	0	n/a	n/a	n/a	n/a	n/a
3592175	RECOG_TARGET	n/a	LTP118	ltpFR	4	1	1	VILLAIN	1567	5	1	n/a	n/a	n/a	n/a	n/a
3592731	RECOG_RESP	n/a	LTP118	ltpFR	4	1	1	VILLAIN	1567	n/a	1	n/a	n/a	n/a	n/a	n/a
3593449	RECOG_CONF	n/a	LTP118	ltpFR	4	1	1	VILLAIN	1567	5	1	n/a	n/a	n/a	n/a	n/a
3594790	RECOG_TARGET	n/a	LTP118	ltpFR	4	1	-1	TRUMPET	1513	5	-1	n/a	n/a	n/a	n/a	n/a
3595280	RECOG_RESP	n/a	LTP118	ltpFR	4	1	-1	TRUMPET	1513	n/a	-1	n/a	n/a	n/a	n/a	n/a
3595884	RECOG_CONF	n/a	LTP118	ltpFR	4	1	-1	TRUMPET	1513	5	-1	n/a	n/a	n/a	n/a	n/a
3597390	RECOG_LURE	n/a	LTP118	ltpFR	4	1	n/a	GODDESS	646	3	n/a	n/a	n/a	n/a	n/a	n/a
3598024	RECOG_RESP	n/a	LTP118	ltpFR	4	1	n/a	GODDESS	646	n/a	n/a	n/a	n/a	n/a	n/a	n/a
3598697	RECOG_CONF	n/a	LTP118	ltpFR	4	1	n/a	GODDESS	646	3	n/a	n/a	n/a	n/a	n/a	n/a
3600005	RECOG_LURE	n/a	LTP118	ltpFR	4	1	n/a	DENTIST	447	4	n/a	n/a	n/a	n/a	n/a	n/a
3600683	RECOG_RESP	n/a	LTP118	ltpFR	4	1	n/a	DENTIST	447	n/a	n/a	n/a	n/a	n/a	n/a	n/a
3601301	RECOG_CONF	n/a	LTP118	ltpFR	4	1	n/a	DENTIST	447	4	n/a	n/a	n/a	n/a	n/a	n/a
3602704	RECOG_TARGET	n/a	LTP118	ltpFR	4	1	1	RUST	1219	5	0	n/a	n/a	n/a	n/a	n/a
3603521	RECOG_RESP	n/a	LTP118	ltpFR	4	1	1	RUST	1219	n/a	0	n/a	n/a	n/a	n/a	n/a
3604185	RECOG_CONF	n/a	LTP118	ltpFR	4	1	1	RUST	1219	5	0	n/a	n/a	n/a	n/a	n/a
3605621	RECOG_LURE	n/a	LTP118	ltpFR	4	1	n/a	PIE	1062	3	n/a	n/a	n/a	n/a	n/a	n/a
3606255	RECOG_RESP	n/a	LTP118	ltpFR	4	1	n/a	PIE	1062	n/a	n/a	n/a	n/a	n/a	n/a	n/a
3606939	RECOG_CONF	n/a	LTP118	ltpFR	4	1	n/a	PIE	1062	3	n/a	n/a	n/a	n/a	n/a	n/a
3608252	RECOG_TARGET	n/a	LTP118	ltpFR	4	1	-1	SAUSAGE	1238	5	-1	n/a	n/a	n/a	n/a	n/a
3608824	RECOG_RESP	n/a	LTP118	ltpFR	4	1	-1	SAUSAGE	1238	n/a	-1	n/a	n/a	n/a	n/a	n/a
3609513	RECOG_CONF	n/a	LTP118	ltpFR	4	1	-1	SAUSAGE	1238	5	-1	n/a	n/a	n/a	n/a	n/a
3610843	RECOG_TARGET	n/a	LTP118	ltpFR	4	1	-1	VIOLA	1570	4	-1	n/a	n/a	n/a	n/a	n/a
3611428	RECOG_RESP	n/a	LTP118	ltpFR	4	1	-1	VIOLA	1570	n/a	-1	n/a	n/a	n/a	n/a	n/a
3612077	RECOG_CONF	n/a	LTP118	ltpFR	4	1	-1	VIOLA	1570	4	-1	n/a	n/a	n/a	n/a	n/a
3613518	RECOG_LURE	n/a	LTP118	ltpFR	4	1	n/a	ASHTRAY	45	4	n/a	n/a	n/a	n/a	n/a	n/a
3614247	RECOG_RESP	n/a	LTP118	ltpFR	4	1	n/a	ASHTRAY	45	n/a	n/a	n/a	n/a	n/a	n/a	n/a
3614901	RECOG_CONF	n/a	LTP118	ltpFR	4	1	n/a	ASHTRAY	45	4	n/a	n/a	n/a	n/a	n/a	n/a
3616308	RECOG_TARGET	n/a	LTP118	ltpFR	4	1	1	FEAST	556	4	0	n/a	n/a	n/a	n/a	n/a
3616856	RECOG_RESP	n/a	LTP118	ltpFR	4	1	1	FEAST	556	n/a	0	n/a	n/a	n/a	n/a	n/a
3617654	RECOG_CONF	n/a	LTP118	ltpFR	4	1	1	FEAST	556	4	0	n/a	n/a	n/a	n/a	n/a
3619024	RECOG_TARGET	n/a	LTP118	ltpFR	4	1	-1	PUMPKIN	1142	3	-1	n/a	n/a	n/a	n/a	n/a
3619580	RECOG_RESP	n/a	LTP118	ltpFR	4	1	-1	PUMPKIN	1142	n/a	-1	n/a	n/a	n/a	n/a	n/a
3620308	RECOG_CONF	n/a	LTP118	ltpFR	4	1	-1	PUMPKIN	1142	3	-1	n/a	n/a	n/a	n/a	n/a
3621681	RECOG_TARGET	n/a	LTP118	ltpFR	4	1	-1	APARTMENT	30	2	-1	n/a	n/a	n/a	n/a	n/a
3622399	RECOG_RESP	n/a	LTP118	ltpFR	4	1	-1	APARTMENT	30	n/a	-1	n/a	n/a	n/a	n/a	n/a
3623092	RECOG_CONF	n/a	LTP118	ltpFR	4	1	-1	APARTMENT	30	2	-1	n/a	n/a	n/a	n/a	n/a
3624422	RECOG_LURE	n/a	LTP118	ltpFR	4	1	n/a	BRAIN	165	3	n/a	n/a	n/a	n/a	n/a	n/a
3625067	RECOG_RESP	n/a	LTP118	ltpFR	4	1	n/a	BRAIN	165	n/a	n/a	n/a	n/a	n/a	n/a	n/a
3625786	RECOG_CONF	n/a	LTP118	ltpFR	4	1	n/a	BRAIN	165	3	n/a	n/a	n/a	n/a	n/a	n/a
3627137	RECOG_TARGET	n/a	LTP118	ltpFR	4	1	1	PILOT	1070	4	0	n/a	n/a	n/a	n/a	n/a
3627736	RECOG_RESP	n/a	LTP118	ltpFR	4	1	1	PILOT	1070	n/a	0	n/a	n/a	n/a	n/a	n/a
3628410	RECOG_CONF	n/a	LTP118	ltpFR	4	1	1	PILOT	1070	4	0	n/a	n/a	n/a	n/a	n/a
3629920	RECOG_LURE	n/a	LTP118	ltpFR	4	1	n/a	TYPIST	1532	3	n/a	n/a	n/a	n/a	n/a	n/a
3630535	RECOG_RESP	n/a	LTP118	ltpFR	4	1	n/a	TYPIST	1532	n/a	n/a	n/a	n/a	n/a	n/a	n/a
3631204	RECOG_CONF	n/a	LTP118	ltpFR	4	1	n/a	TYPIST	1532	3	n/a	n/a	n/a	n/a	n/a	n/a
3632685	RECOG_TARGET	n/a	LTP118	ltpFR	4	1	-1	LAPEL	800	4	-1	n/a	n/a	n/a	n/a	n/a
3633329	RECOG_RESP	n/a	LTP118	ltpFR	4	1	-1	LAPEL	800	n/a	-1	n/a	n/a	n/a	n/a	n/a
3634077	RECOG_CONF	n/a	LTP118	ltpFR	4	1	-1	LAPEL	800	4	-1	n/a	n/a	n/a	n/a	n/a
3653858	REC_START	n/a	LTP118	ltpFR	4	2	n/a	n/a	n/a	n/a	n/a	n/a	n/a	n/a	n/a	n/a
3653895	RECOG_LURE	n/a	LTP118	ltpFR	4	2	n/a	WINNER	1615	3	n/a	n/a	n/a	n/a	n/a	n/a
3654332	RECOG_RESP	n/a	LTP118	ltpFR	4	2	n/a	WINNER	1615	n/a	n/a	n/a	n/a	n/a	n/a	n/a
3655020	RECOG_CONF	n/a	LTP118	ltpFR	4	2	n/a	WINNER	1615	3	n/a	n/a	n/a	n/a	n/a	n/a
3656385	RECOG_LURE	n/a	LTP118	ltpFR	4	2	n/a	SPAGHETTI	1346	3	n/a	n/a	n/a	n/a	n/a	n/a
3657120	RECOG_RESP	n/a	LTP118	ltpFR	4	2	n/a	SPAGHETTI	1346	n/a	n/a	n/a	n/a	n/a	n/a	n/a
3657664	RECOG_CONF	n/a	LTP118	ltpFR	4	2	n/a	SPAGHETTI	1346	3	n/a	n/a	n/a	n/a	n/a	n/a
3659043	RECOG_TARGET	n/a	LTP118	ltpFR	4	2	1	TERMITE	1451	4	1	n/a	n/a	n/a	n/a	n/a
3659705	RECOG_RESP	n/a	LTP118	ltpFR	4	2	1	TERMITE	1451	n/a	1	n/a	n/a	n/a	n/a	n/a
3660278	RECOG_CONF	n/a	LTP118	ltpFR	4	2	1	TERMITE	1451	4	1	n/a	n/a	n/a	n/a	n/a
3661659	RECOG_TARGET	n/a	LTP118	ltpFR	4	2	1	AUDIENCE	59	3	1	n/a	n/a	n/a	n/a	n/a
3662204	RECOG_RESP	n/a	LTP118	ltpFR	4	2	1	AUDIENCE	59	n/a	1	n/a	n/a	n/a	n/a	n/a
3662832	RECOG_CONF	n/a	LTP118	ltpFR	4	2	1	AUDIENCE	59	3	1	n/a	n/a	n/a	n/a	n/a
3664133	RECOG_LURE	n/a	LTP118	ltpFR	4	2	n/a	STOMACH	1384	3	n/a	n/a	n/a	n/a	n/a	n/a
3664683	RECOG_RESP	n/a	LTP118	ltpFR	4	2	n/a	STOMACH	1384	n/a	n/a	n/a	n/a	n/a	n/a	n/a
3665277	RECOG_CONF	n/a	LTP118	ltpFR	4	2	n/a	STOMACH	1384	3	n/a	n/a	n/a	n/a	n/a	n/a
3666599	RECOG_TARGET	n/a	LTP118	ltpFR	4	2	0	OFFICER	973	5	1	n/a	n/a	n/a	n/a	n/a
3667063	RECOG_RESP	n/a	LTP118	ltpFR	4	2	0	OFFICER	973	n/a	1	n/a	n/a	n/a	n/a	n/a
3667602	RECOG_CONF	n/a	LTP118	ltpFR	4	2	0	OFFICER	973	5	1	n/a	n/a	n/a	n/a	n/a
3668989	RECOG_LURE	n/a	LTP118	ltpFR	4	2	n/a	WRITER	1627	3	n/a	n/a	n/a	n/a	n/a	n/a
3669447	RECOG_RESP	n/a	LTP118	ltpFR	4	2	n/a	WRITER	1627	n/a	n/a	n/a	n/a	n/a	n/a	n/a
3669986	RECOG_CONF	n/a	LTP118	ltpFR	4	2	n/a	WRITER	1627	3	n/a	n/a	n/a	n/a	n/a	n/a
3671355	RECOG_LURE	n/a	LTP118	ltpFR	4	2	n/a	MACARONI	851	3	n/a	n/a	n/a	n/a	n/a	n/a
3671897	RECOG_RESP	n/a	LTP118	ltpFR	4	2	n/a	MACARONI	851	n/a	n/a	n/a	n/a	n/a	n/a	n/a
3672431	RECOG_CONF	n/a	LTP118	ltpFR	4	2	n/a	MACARONI	851	3	n/a	n/a	n/a	n/a	n/a	n/a
3673796	RECOG_TARGET	n/a	LTP118	ltpFR	4	2	0	BLUEPRINT	142	4	1	n/a	n/a	n/a	n/a	n/a
3674311	RECOG_RESP	n/a	LTP118	ltpFR	4	2	0	BLUEPRINT	142	n/a	1	n/a	n/a	n/a	n/a	n/a
3674845	RECOG_CONF	n/a	LTP118	ltpFR	4	2	0	BLUEPRINT	142	4	1	n/a	n/a	n/a	n/a	n/a
3676278	RECOG_TARGET	n/a	LTP118	ltpFR	4	2	0	SHOP	1290	3	1	n/a	n/a	n/a	n/a	n/a
3676900	RECOG_RESP	n/a	LTP118	ltpFR	4	2	0	SHOP	1290	n/a	1	n/a	n/a	n/a	n/a	n/a
3677469	RECOG_CONF	n/a	LTP118	ltpFR	4	2	0	SHOP	1290	3	1	n/a	n/a	n/a	n/a	n/a
3678877	RECOG_LURE	n/a	LTP118	ltpFR	4	2	n/a	CERAMICS	271	4	n/a	n/a	n/a	n/a	n/a	n/a
3679400	RECOG_RESP	n/a	LTP118	ltpFR	4	2	n/a	CERAMICS	271	n/a	n/a	n/a	n/a	n/a	n/a	n/a
3680033	RECOG_CONF	n/a	LTP118	ltpFR	4	2	n/a	CERAMICS	271	4	n/a	n/a	n/a	n/a	n/a	n/a
3681426	RECOG_TARGET	n/a	LTP118	ltpFR	4	2	1	JURY	766	5	1	n/a	n/a	n/a	n/a	n/a
3681999	RECOG_RESP	n/a	LTP118	ltpFR	4	2	1	JURY	766	n/a	1	n/a	n/a	n/a	n/a	n/a
3682558	RECOG_CONF	n/a	LTP118	ltpFR	4	2	1	JURY	766	5	1	n/a	n/a	n/a	n/a	n/a
3683984	RECOG_TARGET	n/a	LTP118	ltpFR	4	2	-1	NEWSSTAND	949	5	-1	n/a	n/a	n/a	n/a	n/a
3684643	RECOG_RESP	n/a	LTP118	ltpFR	4	2	-1	NEWSSTAND	949	n/a	-1	n/a	n/a	n/a	n/a	n/a
3685212	RECOG_CONF	n/a	LTP118	ltpFR	4	2	-1	NEWSSTAND	949	5	-1	n/a	n/a	n/a	n/a	n/a
3686691	RECOG_TARGET	n/a	LTP118	ltpFR	4	2	-1	MOUTH	926	3	-1	n/a	n/a	n/a	n/a	n/a
3687327	RECOG_RESP	n/a	LTP118	ltpFR	4	2	-1	MOUTH	926	n/a	-1	n/a	n/a	n/a	n/a	n/a
3687885	RECOG_CONF	n/a	LTP118	ltpFR	4	2	-1	MOUTH	926	3	-1	n/a	n/a	n/a	n/a	n/a
3689508	RECOG_TARGET	n/a	LTP118	ltpFR	4	2	1	COCOON	339	4	0	n/a	n/a	n/a	n/a	n/a
3690150	RECOG_RESP	n/a	LTP118	ltpFR	4	2	1	COCOON	339	n/a	0	n/a	n/a	n/a	n/a	n/a
3690669	RECOG_CONF	n/a	LTP118	ltpFR	4	2	1	COCOON	339	4	0	n/a	n/a	n/a	n/a	n/a
3692114	RECOG_TARGET	n/a	LTP118	ltpFR	4	2	-1	PARCEL	1012	3	-1	n/a	n/a	n/a	n/a	n/a
3692844	RECOG_RESP	n/a	LTP118	ltpFR	4	2	-1	PARCEL	1012	n/a	-1	n/a	n/a	n/a	n/a	n/a
3693433	RECOG_CONF	n/a	LTP118	ltpFR	4	2	-1	PARCEL	1012	3	-1	n/a	n/a	n/a	n/a	n/a
3694763	RECOG_TARGET	n/a	LTP118	ltpFR	4	2	0	MINER	896	4	1	n/a	n/a	n/a	n/a	n/a
3695573	RECOG_RESP	n/a	LTP118	ltpFR	4	2	0	MINER	896	n/a	1	n/a	n/a	n/a	n/a	n/a
3696117	RECOG_CONF	n/a	LTP118	ltpFR	4	2	0	MINER	896	4	1	n/a	n/a	n/a	n/a	n/a
3697505	RECOG_LURE	n/a	LTP118	ltpFR	4	2	n/a	INFANT	737	3	n/a	n/a	n/a	n/a	n/a	n/a
3698147	RECOG_RESP	n/a	LTP118	ltpFR	4	2	n/a	INFANT	737	n/a	n/a	n/a	n/a	n/a	n/a	n/a
3698761	RECOG_CONF	n/a	LTP118	ltpFR	4	2	n/a	INFANT	737	3	n/a	n/a	n/a	n/a	n/a	n/a
3700170	RECOG_LURE	n/a	LTP118	ltpFR	4	2	n/a	MARBLE	867	2	n/a	n/a	n/a	n/a	n/a	n/a
3700851	RECOG_RESP	n/a	LTP118	ltpFR	4	2	n/a	MARBLE	867	n/a	n/a	n/a	n/a	n/a	n/a	n/a
3701475	RECOG_CONF	n/a	LTP118	ltpFR	4	2	n/a	MARBLE	867	2	n/a	n/a	n/a	n/a	n/a	n/a
3703010	RECOG_LURE	n/a	LTP118	ltpFR	4	2	n/a	FLOWER	584	3	n/a	n/a	n/a	n/a	n/a	n/a
3703839	RECOG_RESP	n/a	LTP118	ltpFR	4	2	n/a	FLOWER	584	n/a	n/a	n/a	n/a	n/a	n/a	n/a
3704277	RECOG_CONF	n/a	LTP118	ltpFR	4	2	n/a	FLOWER	584	3	n/a	n/a	n/a	n/a	n/a	n/a
3720284	REC_START	n/a	LTP118	ltpFR	4	3	n/a	n/a	n/a	n/a	n/a	n/a	n/a	n/a	n/a	n/a
3720321	RECOG_TARGET	n/a	LTP118	ltpFR	4	3	0	GRILL	661	3	0	n/a	n/a	n/a	n/a	n/a
3721047	RECOG_RESP	n/a	LTP118	ltpFR	4	3	0	GRILL	661	n/a	0	n/a	n/a	n/a	n/a	n/a
3721775	RECOG_CONF	n/a	LTP118	ltpFR	4	3	0	GRILL	661	3	0	n/a	n/a	n/a	n/a	n/a
3723078	RECOG_TARGET	n/a	LTP118	ltpFR	4	3	0	BOXER	160	5	1	n/a	n/a	n/a	n/a	n/a
3723661	RECOG_RESP	n/a	LTP118	ltpFR	4	3	0	BOXER	160	n/a	1	n/a	n/a	n/a	n/a	n/a
3724160	RECOG_CONF	n/a	LTP118	ltpFR	4	3	0	BOXER	160	5	1	n/a	n/a	n/a	n/a	n/a
3725711	RECOG_TARGET	n/a	LTP118	ltpFR	4	3	1	TIE	1466	3	0	n/a	n/a	n/a	n/a	n/a
3726205	RECOG_RESP	n/a	LTP118	ltpFR	4	3	1	TIE	1466	n/a	0	n/a	n/a	n/a	n/a	n/a
3726694	RECOG_CONF	n/a	LTP118	ltpFR	4	3	1	TIE	1466	3	0	n/a	n/a	n/a	n/a	n/a
3728185	RECOG_LURE	n/a	LTP118	ltpFR	4	3	n/a	BIBLE	124	2	n/a	n/a	n/a	n/a	n/a	n/a
3728979	RECOG_RESP	n/a	LTP118	ltpFR	4	3	n/a	BIBLE	124	n/a	n/a	n/a	n/a	n/a	n/a	n/a
3729638	RECOG_CONF	n/a	LTP118	ltpFR	4	3	n/a	BIBLE	124	2	n/a	n/a	n/a	n/a	n/a	n/a
3731034	RECOG_LURE	n/a	LTP118	ltpFR	4	3	n/a	AIRCRAFT	11	3	n/a	n/a	n/a	n/a	n/a	n/a
3732042	RECOG_RESP	n/a	LTP118	ltpFR	4	3	n/a	AIRCRAFT	11	n/a	n/a	n/a	n/a	n/a	n/a	n/a
3732820	RECOG_CONF	n/a	LTP118	ltpFR	4	3	n/a	AIRCRAFT	11	3	n/a	n/a	n/a	n/a	n/a	n/a
3734141	RECOG_LURE	n/a	LTP118	ltpFR	4	3	n/a	MONSTER	912	1	n/a	n/a	n/a	n/a	n/a	n/a
3734766	RECOG_RESP	n/a	LTP118	ltpFR	4	3	n/a	MONSTER	912	n/a	n/a	n/a	n/a	n/a	n/a	n/a
3735584	RECOG_CONF	n/a	LTP118	ltpFR	4	3	n/a	MONSTER	912	1	n/a	n/a	n/a	n/a	n/a	n/a
3736898	RECOG_TARGET	n/a	LTP118	ltpFR	4	3	-1	BATHTUB	100	5	-1	n/a	n/a	n/a	n/a	n/a
3737629	RECOG_RESP	n/a	LTP118	ltpFR	4	3	-1	BATHTUB	100	n/a	-1	n/a	n/a	n/a	n/a	n/a
3738378	RECOG_CONF	n/a	LTP118	ltpFR	4	3	-1	BATHTUB	100	5	-1	n/a	n/a	n/a	n/a	n/a
3739897	RECOG_LURE	n/a	LTP118	ltpFR	4	3	n/a	TOMB	1477	3	n/a	n/a	n/a	n/a	n/a	n/a
3740638	RECOG_RESP	n/a	LTP118	ltpFR	4	3	n/a	TOMB	1477	n/a	n/a	n/a	n/a	n/a	n/a	n/a
3741321	RECOG_CONF	n/a	LTP118	ltpFR	4	3	n/a	TOMB	1477	3	n/a	n/a	n/a	n/a	n/a	n/a
3742597	RECOG_TARGET	n/a	LTP118	ltpFR	4	3	-1	CYLINDER	432	5	-1	n/a	n/a	n/a	n/a	n/a
3743391	RECOG_RESP	n/a	LTP118	ltpFR	4	3	-1	CYLINDER	432	n/a	-1	n/a	n/a	n/a	n/a	n/a
3744204	RECOG_CONF	n/a	LTP118	ltpFR	4	3	-1	CYLINDER	432	5	-1	n/a	n/a	n/a	n/a	n/a
3745588	RECOG_TARGET	n/a	LTP118	ltpFR	4	3	0	SCARF	1246	4	2	n/a	n/a	n/a	n/a	n/a
3746220	RECOG_RESP	n/a	LTP118	ltpFR	4	3	0	SCARF	1246	n/a	2	n/a	n/a	n/a	n/a	n/a
3746948	RECOG_CONF	n/a	LTP118	ltpFR	4	3	0	SCARF	1246	4	2	n/a	n/a	n/a	n/a	n/a
3748403	RECOG_TARGET	n/a	LTP118	ltpFR	4	3	0	SHIRT	1287	3	1	n/a	n/a	n/a	n/a	n/a
3748969	RECOG_RESP	n/a	LTP118	ltpFR	4	3	0	SHIRT	1287	n/a	1	n/a	n/a	n/a	n/a	n/a
3749722	RECOG_CONF	n/a	LTP118	ltpFR	4	3	0	SHIRT	1287	3	1	n/a	n/a	n/a	n/a	n/a
3751085	RECOG_TARGET	n/a	LTP118	ltpFR	4	3	0	DUST	508	4	0	n/a	n/a	n/a	n/a	n/a
3751692	RECOG_RESP	n/a	LTP118	ltpFR	4	3	0	DUST	508	n/a	0	n/a	n/a	n/a	n/a	n/a
3752306	RECOG_CONF	n/a	LTP118	ltpFR	4	3	0	DUST	508	4	0	n/a	n/a	n/a	n/a	n/a
3753751	RECOG_LURE	n/a	LTP118	ltpFR	4	3	n/a	PEAR	1033	3	n/a	n/a	n/a	n/a	n/a	n/a
3754541	RECOG_RESP	n/a	LTP118	ltpFR	4	3	n/a	PEAR	1033	n/a	n/a	n/a	n/a	n/a	n/a	n/a
3755209	RECOG_CONF	n/a	LTP118	ltpFR	4	3	n/a	PEAR	1033	3	n/a	n/a	n/a	n/a	n/a	n/a
3756509	RECOG_TARGET	n/a	LTP118	ltpFR	4	3	-1	HONEY	713	2	-1	n/a	n/a	n/a	n/a	n/a
3757230	RECOG_RESP	n/a	LTP118	ltpFR	4	3	-1	HONEY	713	n/a	-1	n/a	n/a	n/a	n/a	n/a
3757913	RECOG_CONF	n/a	LTP118	ltpFR	4	3	-1	HONEY	713	2	-1	n/a	n/a	n/a	n/a	n/a
3759316	RECOG_TARGET	n/a	LTP118	ltpFR	4	3	0	PLAZA	1088	3	2	n/a	n/a	n/a	n/a	n/a
3760438	RECOG_RESP	n/a	LTP118	ltpFR	4	3	0	PLAZA	1088	n/a	2	n/a	n/a	n/a	n/a	n/a
3761156	RECOG_CONF	n/a	LTP118	ltpFR	4	3	0	PLAZA	1088	3	2	n/a	n/a	n/a	n/a	n/a
3762574	RECOG_TARGET	n/a	LTP118	ltpFR	4	3	0	GROUND	666	5	1	n/a	n/a	n/a	n/a	n/a
3763286	RECOG_RESP	n/a	LTP118	ltpFR	4	3	0	GROUND	666	n/a	1	n/a	n/a	n/a	n/a	n/a
3763840	RECOG_CONF	n/a	LTP118	ltpFR	4	3	0	GROUND	666	5	1	n/a	n/a	n/a	n/a	n/a
3765205	RECOG_TARGET	n/a	LTP118	ltpFR	4	3	1	COLONEL	348	5	1	n/a	n/a	n/a	n/a	n/a
3765875	RECOG_RESP	n/a	LTP118	ltpFR	4	3	1	COLONEL	348	n/a	1	n/a	n/a	n/a	n/a	n/a
3766464	RECOG_CONF	n/a	LTP118	ltpFR	4	3	1	COLONEL	348	5	1	n/a	n/a	n/a	n/a	n/a
3767996	RECOG_TARGET	n/a	LTP118	ltpFR	4	3	0	CREEK	404	5	1	n/a	n/a	n/a	n/a	n/a
3768639	RECOG_RESP	n/a	LTP118	ltpFR	4	3	0	CREEK	404	n/a	1	n/a	n/a	n/a	n/a	n/a
3769258	RECOG_CONF	n/a	LTP118	ltpFR	4	3	0	CREEK	404	5	1	n/a	n/a	n/a	n/a	n/a
3770770	RECOG_TARGET	n/a	LTP118	ltpFR	4	3	0	PUPIL	1143	4	0	n/a	n/a	n/a	n/a	n/a
3771443	RECOG_RESP	n/a	LTP118	ltpFR	4	3	0	PUPIL	1143	n/a	0	n/a	n/a	n/a	n/a	n/a
3772141	RECOG_CONF	n/a	LTP118	ltpFR	4	3	0	PUPIL	1143	4	0	n/a	n/a	n/a	n/a	n/a
3773595	RECOG_TARGET	n/a	LTP118	ltpFR	4	3	-1	CREATURE	403	5	-1	n/a	n/a	n/a	n/a	n/a
3774281	RECOG_RESP	n/a	LTP118	ltpFR	4	3	-1	CREATURE	403	n/a	-1	n/a	n/a	n/a	n/a	n/a
3774915	RECOG_CONF	n/a	LTP118	ltpFR	4	3	-1	CREATURE	403	5	-1	n/a	n/a	n/a	n/a	n/a
3800997	REC_START	n/a	LTP118	ltpFR	4	4	n/a	n/a	n/a	n/a	n/a	n/a	n/a	n/a	n/a	n/a
3801034	RECOG_TARGET	n/a	LTP118	ltpFR	4	4	1	TOOL	1480	3	0	n/a	n/a	n/a	n/a	n/a
3801566	RECOG_RESP	n/a	LTP118	ltpFR	4	4	1	TOOL	1480	n/a	0	n/a	n/a	n/a	n/a	n/a
3802189	RECOG_CONF	n/a	LTP118	ltpFR	4	4	1	TOOL	1480	3	0	n/a	n/a	n/a	n/a	n/a
3803484	RECOG_LURE	n/a	LTP118	ltpFR	4	4	n/a	ONION	977	3	n/a	n/a	n/a	n/a	n/a	n/a
3804135	RECOG_RESP	n/a	LTP118	ltpFR	4	4	n/a	ONION	977	n/a	n/a	n/a	n/a	n/a	n/a	n/a
3804703	RECOG_CONF	n/a	LTP118	ltpFR	4	4	n/a	ONION	977	3	n/a	n/a	n/a	n/a	n/a	n/a
3806132	RECOG_TARGET	n/a	LTP118	ltpFR	4	4	1	DRAWER	493	4	0	n/a	n/a	n/a	n/a	n/a
3806619	RECOG_RESP	n/a	LTP118	ltpFR	4	4	1	DRAWER	493	n/a	0	n/a	n/a	n/a	n/a	n/a
3807188	RECOG_CONF	n/a	LTP118	ltpFR	4	4	1	DRAWER	493	4	0	n/a	n/a	n/a	n/a	n/a
3808549	RECOG_TARGET	n/a	LTP118	ltpFR	4	4	0	PUDDING	1139	3	0	n/a	n/a	n/a	n/a	n/a
3809243	RECOG_RESP	n/a	LTP118	ltpFR	4	4	0	PUDDING	1139	n/a	0	n/a	n/a	n/a	n/a	n/a
3809832	RECOG_CONF	n/a	LTP118	ltpFR	4	4	0	PUDDING	1139	3	0	n/a	n/a	n/a	n/a	n/a
3811230	RECOG_TARGET	n/a	LTP118	ltpFR	4	4	1	LEMON	810	4	0	n/a	n/a	n/a	n/a	n/a
3811752	RECOG_RESP	n/a	LTP118	ltpFR	4	4	1	LEMON	810	n/a	0	n/a	n/a	n/a	n/a	n/a
3812276	RECOG_CONF	n/a	LTP118	ltpFR	4	4	1	LEMON	810	4	0	n/a	n/a	n/a	n/a	n/a
3813622	RECOG_LURE	n/a	LTP118	ltpFR	4	4	n/a	TROUSERS	1510	4	n/a	n/a	n/a	n/a	n/a	n/a
3814212	RECOG_RESP	n/a	LTP118	ltpFR	4	4	n/a	TROUSERS	1510	n/a	n/a	n/a	n/a	n/a	n/a	n/a
3814810	RECOG_CONF	n/a	LTP118	ltpFR	4	4	n/a	TROUSERS	1510	4	n/a	n/a	n/a	n/a	n/a	n/a
3816279	RECOG_TARGET	n/a	LTP118	ltpFR	4	4	-1	LAWN	805	5	-1	n/a	n/a	n/a	n/a	n/a
3817000	RECOG_RESP	n/a	LTP118	ltpFR	4	4	-1	LAWN	805	n/a	-1	n/a	n/a	n/a	n/a	n/a
3817604	RECOG_CONF	n/a	LTP118	ltpFR	4	4	-1	LAWN	805	5	-1	n/a	n/a	n/a	n/a	n/a
3819036	RECOG_TARGET	n/a	LTP118	ltpFR	4	4	1	FIST	572	4	1	n/a	n/a	n/a	n/a	n/a
3819679	RECOG_RESP	n/a	LTP118	ltpFR	4	4	1	FIST	572	n/a	1	n/a	n/a	n/a	n/a	n/a
3820348	RECOG_CONF	n/a	LTP118	ltpFR	4	4	1	FIST	572	4	1	n/a	n/a	n/a	n/a	n/a
3821661	RECOG_TARGET	n/a	LTP118	ltpFR	4	4	0	FUNERAL	613	5	1	n/a	n/a	n/a	n/a	n/a
3822283	RECOG_RESP	n/a	LTP118	ltpFR	4	4	0	FUNERAL	613	n/a	1	n/a	n/a	n/a	n/a	n/a
3822882	RECOG_CONF	n/a	LTP118	ltpFR	4	4	0	FUNERAL	613	5	1	n/a	n/a	n/a	n/a	n/a
3824242	RECOG_LURE	n/a	LTP118	ltpFR	4	4	n/a	CHAIN	273	3	n/a	n/a	n/a	n/a	n/a	n/a
3825007	RECOG_RESP	n/a	LTP118	ltpFR	4	4	n/a	CHAIN	273	n/a	n/a	n/a	n/a	n/a	n/a	n/a
3825716	RECOG_CONF	n/a	LTP118	ltpFR	4	4	n/a	CHAIN	273	3	n/a	n/a	n/a	n/a	n/a	n/a
3827083	RECOG_LURE	n/a	LTP118	ltpFR	4	4	n/a	TREAT	1501	2	n/a	n/a	n/a	n/a	n/a	n/a
3827851	RECOG_RESP	n/a	LTP118	ltpFR	4	4	n/a	TREAT	1501	n/a	n/a	n/a	n/a	n/a	n/a	n/a
3828549	RECOG_CONF	n/a	LTP118	ltpFR	4	4	n/a	TREAT	1501	2	n/a	n/a	n/a	n/a	n/a	n/a
3829924	RECOG_LURE	n/a	LTP118	ltpFR	4	4	n/a	ARROW	40	3	n/a	n/a	n/a	n/a	n/a	n/a
3830629	RECOG_RESP	n/a	LTP118	ltpFR	4	4	n/a	ARROW	40	n/a	n/a	n/a	n/a	n/a	n/a	n/a
3831293	RECOG_CONF	n/a	LTP118	ltpFR	4	4	n/a	ARROW	40	3	n/a	n/a	n/a	n/a	n/a	n/a
3832599	RECOG_TARGET	n/a	LTP118	ltpFR	4	4	1	HAND	683	4	1	n/a	n/a	n/a	n/a	n/a
3833318	RECOG_RESP_VV	n/a	LTP118	ltpFR	4	4	1	HAND	683	n/a	1	n/a	n/a	n/a	n/a	n/a
3834047	RECOG_RESP	n/a	LTP118	ltpFR	4	4	1	HAND	683	n/a	1	n/a	n/a	n/a	n/a	n/a
3834885	RECOG_CONF	n/a	LTP118	ltpFR	4	4	1	HAND	683	4	1	n/a	n/a	n/a	n/a	n/a
3836430	RECOG_LURE	n/a	LTP118	ltpFR	4	4	n/a	INN	739	3	n/a	n/a	n/a	n/a	n/a	n/a
3837100	RECOG_RESP	n/a	LTP118	ltpFR	4	4	n/a	INN	739	n/a	n/a	n/a	n/a	n/a	n/a	n/a
3837778	RECOG_CONF	n/a	LTP118	ltpFR	4	4	n/a	INN	739	3	n/a	n/a	n/a	n/a	n/a	n/a
3839079	RECOG_TARGET	n/a	LTP118	ltpFR	4	4	0	SCIENTIST	1249	5	1	n/a	n/a	n/a	n/a	n/a
3839714	RECOG_RESP	n/a	LTP118	ltpFR	4	4	0	SCIENTIST	1249	n/a	1	n/a	n/a	n/a	n/a	n/a
3840233	RECOG_CONF	n/a	LTP118	ltpFR	4	4	0	SCIENTIST	1249	5	1	n/a	n/a	n/a	n/a	n/a
3841711	RECOG_TARGET	n/a	LTP118	ltpFR	4	4	1	CONSOLE	364	5	0	n/a	n/a	n/a	n/a	n/a
3842592	RECOG_RESP	n/a	LTP118	ltpFR	4	4	1	CONSOLE	364	n/a	0	n/a	n/a	n/a	n/a	n/a
3843156	RECOG_CONF	n/a	LTP118	ltpFR	4	4	1	CONSOLE	364	5	0	n/a	n/a	n/a	n/a	n/a
3844636	RECOG_LURE	n/a	LTP118	ltpFR	4	4	n/a	KNOB	787	3	n/a	n/a	n/a	n/a	n/a	n/a
3845316	RECOG_RESP	n/a	LTP118	ltpFR	4	4	n/a	KNOB	787	n/a	n/a	n/a	n/a	n/a	n/a	n/a
3845980	RECOG_CONF	n/a	LTP118	ltpFR	4	4	n/a	KNOB	787	3	n/a	n/a	n/a	n/a	n/a	n/a
3847393	RECOG_TARGET	n/a	LTP118	ltpFR	4	4	-1	LITERATURE	831	2	-1	n/a	n/a	n/a	n/a	n/a
3848195	RECOG_RESP	n/a	LTP118	ltpFR	4	4	-1	LITERATURE	831	n/a	-1	n/a	n/a	n/a	n/a	n/a
3849003	RECOG_CONF	n/a	LTP118	ltpFR	4	4	-1	LITERATURE	831	2	-1	n/a	n/a	n/a	n/a	n/a
3850325	RECOG_TARGET	n/a	LTP118	ltpFR	4	4	-1	BRANDY	169	4	-1	n/a	n/a	n/a	n/a	n/a
3850953	RECOG_RESP	n/a	LTP118	ltpFR	4	4	-1	BRANDY	169	n/a	-1	n/a	n/a	n/a	n/a	n/a
3851597	RECOG_CONF	n/a	LTP118	ltpFR	4	4	-1	BRANDY	169	4	-1	n/a	n/a	n/a	n/a	n/a
3852991	RECOG_TARGET	n/a	LTP118	ltpFR	4	4	0	WHISKERS	1605	5	0	n/a	n/a	n/a	n/a	n/a
3853652	RECOG_RESP	n/a	LTP118	ltpFR	4	4	0	WHISKERS	1605	n/a	0	n/a	n/a	n/a	n/a	n/a
3854301	RECOG_CONF	n/a	LTP118	ltpFR	4	4	0	WHISKERS	1605	5	0	n/a	n/a	n/a	n/a	n/a
3865222	REC_START	n/a	LTP118	ltpFR	4	5	n/a	n/a	n/a	n/a	n/a	n/a	n/a	n/a	n/a	n/a
3865253	RECOG_LURE	n/a	LTP118	ltpFR	4	5	n/a	TOY	1492	3	n/a	n/a	n/a	n/a	n/a	n/a
3865875	RECOG_RESP	n/a	LTP118	ltpFR	4	5	n/a	TOY	1492	n/a	n/a	n/a	n/a	n/a	n/a	n/a
3866594	RECOG_CONF	n/a	LTP118	ltpFR	4	5	n/a	TOY	1492	3	n/a	n/a	n/a	n/a	n/a	n/a
3867960	RECOG_LURE	n/a	LTP118	ltpFR	4	5	n/a	ABDOMEN	1	3	n/a	n/a	n/a	n/a	n/a	n/a
3868769	RECOG_RESP	n/a	LTP118	ltpFR	4	5	n/a	ABDOMEN	1	n/a	n/a	n/a	n/a	n/a	n/a	n/a
3869387	RECOG_CONF	n/a	LTP118	ltpFR	4	5	n/a	ABDOMEN	1	3	n/a	n/a	n/a	n/a	n/a	n/a
3870868	RECOG_LURE	n/a	LTP118	ltpFR	4	5	n/a	COMMANDER	354	3	n/a	n/a	n/a	n/a	n/a	n/a
3871587	RECOG_RESP	n/a	LTP118	ltpFR	4	5	n/a	COMMANDER	354	n/a	n/a	n/a	n/a	n/a	n/a	n/a
3872281	RECOG_CONF	n/a	LTP118	ltpFR	4	5	n/a	COMMANDER	354	3	n/a	n/a	n/a	n/a	n/a	n/a
3873634	RECOG_TARGET	n/a	LTP118	ltpFR	4	5	-1	DEPARTMENT	449	4	-1	n/a	n/a	n/a	n/a	n/a
3874301	RECOG_RESP	n/a	LTP118	ltpFR	4	5	-1	DEPARTMENT	449	n/a	-1	n/a	n/a	n/a	n/a	n/a
3874815	RECOG_CONF	n/a	LTP118	ltpFR	4	5	-1	DEPARTMENT	449	4	-1	n/a	n/a	n/a	n/a	n/a
3876199	RECOG_LURE	n/a	LTP118	ltpFR	4	5	n/a	BUGLE	189	3	n/a	n/a	n/a	n/a	n/a	n/a
3877125	RECOG_RESP	n/a	LTP118	ltpFR	4	5	n/a	BUGLE	189	n/a	n/a	n/a	n/a	n/a	n/a	n/a
3877708	RECOG_CONF	n/a	LTP118	ltpFR	4	5	n/a	BUGLE	189	3	n/a	n/a	n/a	n/a	n/a	n/a
3878965	RECOG_TARGET	n/a	LTP118	ltpFR	4	5	1	PAGE	1001	4	0	n/a	n/a	n/a	n/a	n/a
3879684	RECOG_RESP	n/a	LTP118	ltpFR	4	5	1	PAGE	1001	n/a	0	n/a	n/a	n/a	n/a	n/a
3880273	RECOG_CONF	n/a	LTP118	ltpFR	4	5	1	PAGE	1001	4	0	n/a	n/a	n/a	n/a	n/a
3881582	RECOG_LURE	n/a	LTP118	ltpFR	4	5	n/a	PIPE	1073	3	n/a	n/a	n/a	n/a	n/a	n/a
3882303	RECOG_RESP	n/a	LTP118	ltpFR	4	5	n/a	PIPE	1073	n/a	n/a	n/a	n/a	n/a	n/a	n/a
3882937	RECOG_CONF	n/a	LTP118	ltpFR	4	5	n/a	PIPE	1073	3	n/a	n/a	n/a	n/a	n/a	n/a
3884196	RECOG_LURE	n/a	LTP118	ltpFR	4	5	n/a	PEBBLE	1035	4	n/a	n/a	n/a	n/a	n/a	n/a
3884882	RECOG_RESP	n/a	LTP118	ltpFR	4	5	n/a	PEBBLE	1035	n/a	n/a	n/a	n/a	n/a	n/a	n/a
3885551	RECOG_CONF	n/a	LTP118	ltpFR	4	5	n/a	PEBBLE	1035	4	n/a	n/a	n/a	n/a	n/a	n/a
3886912	RECOG_TARGET	n/a	LTP118	ltpFR	4	5	-1	PITCHFORK	1078	3	-1	n/a	n/a	n/a	n/a	n/a
3887551	RECOG_RESP	n/a	LTP118	ltpFR	4	5	-1	PITCHFORK	1078	n/a	-1	n/a	n/a	n/a	n/a	n/a
3888294	RECOG_CONF	n/a	LTP118	ltpFR	4	5	-1	PITCHFORK	1078	3	-1	n/a	n/a	n/a	n/a	n/a
3889620	RECOG_TARGET	n/a	LTP118	ltpFR	4	5	0	ICEBERG	731	5	1	n/a	n/a	n/a	n/a	n/a
3890325	RECOG_RESP	n/a	LTP118	ltpFR	4	5	0	ICEBERG	731	n/a	1	n/a	n/a	n/a	n/a	n/a
3890928	RECOG_CONF	n/a	LTP118	ltpFR	4	5	0	ICEBERG	731	5	1	n/a	n/a	n/a	n/a	n/a
3892302	RECOG_LURE	n/a	LTP118	ltpFR	4	5	n/a	BRUSH	182	3	n/a	n/a	n/a	n/a	n/a	n/a
3892964	RECOG_RESP	n/a	LTP118	ltpFR	4	5	n/a	BRUSH	182	n/a	n/a	n/a	n/a	n/a	n/a	n/a
3893602	RECOG_CONF	n/a	LTP118	ltpFR	4	5	n/a	BRUSH	182	3	n/a	n/a	n/a	n/a	n/a	n/a
3894951	RECOG_LURE	n/a	LTP118	ltpFR	4	5	n/a	KEY	773	3	n/a	n/a	n/a	n/a	n/a	n/a
3895683	RECOG_RESP	n/a	LTP118	ltpFR	4	5	n/a	KEY	773	n/a	n/a	n/a	n/a	n/a	n/a	n/a
3896316	RECOG_CONF	n/a	LTP118	ltpFR	4	5	n/a	KEY	773	3	n/a	n/a	n/a	n/a	n/a	n/a
3897683	RECOG_LURE	n/a	LTP118	ltpFR	4	5	n/a	DYNAMITE	511	2	n/a	n/a	n/a	n/a	n/a	n/a
3898357	RECOG_RESP	n/a	LTP118	ltpFR	4	5	n/a	DYNAMITE	511	n/a	n/a	n/a	n/a	n/a	n/a	n/a
3899060	RECOG_CONF	n/a	LTP118	ltpFR	4	5	n/a	DYNAMITE	511	2	n/a	n/a	n/a	n/a	n/a	n/a
3900432	RECOG_LURE	n/a	LTP118	ltpFR	4	5	n/a	ATTIRE	57	1	n/a	n/a	n/a	n/a	n/a	n/a
3901110	RECOG_RESP	n/a	LTP118	ltpFR	4	5	n/a	ATTIRE	57	n/a	n/a	n/a	n/a	n/a	n/a	n/a
3901854	RECOG_CONF	n/a	LTP118	ltpFR	4	5	n/a	ATTIRE	57	1	n/a	n/a	n/a	n/a	n/a	n/a
3903206	RECOG_TARGET	n/a	LTP118	ltpFR	4	5	1	ASTRONAUT	51	5	1	n/a	n/a	n/a	n/a	n/a
3903894	RECOG_RESP	n/a	LTP118	ltpFR	4	5	1	ASTRONAUT	51	n/a	1	n/a	n/a	n/a	n/a	n/a
3904448	RECOG_CONF	n/a	LTP118	ltpFR	4	5	1	ASTRONAUT	51	5	1	n/a	n/a	n/a	n/a	n/a
3905789	RECOG_TARGET	n/a	LTP118	ltpFR	4	5	1	PRISON	1127	3	0	n/a	n/a	n/a	n/a	n/a
3906458	RECOG_RESP	n/a	LTP118	ltpFR	4	5	1	PRISON	1127	n/a	0	n/a	n/a	n/a	n/a	n/a
3907112	RECOG_CONF	n/a	LTP118	ltpFR	4	5	1	PRISON	1127	3	0	n/a	n/a	n/a	n/a	n/a
3908329	RECOG_TARGET	n/a	LTP118	ltpFR	4	5	0	PECAN	1036	4	0	n/a	n/a	n/a	n/a	n/a
3908863	RECOG_RESP	n/a	LTP118	ltpFR	4	5	0	PECAN	1036	n/a	0	n/a	n/a	n/a	n/a	n/a
3909506	RECOG_CONF	n/a	LTP118	ltpFR	4	5	0	PECAN	1036	4	0	n/a	n/a	n/a	n/a	n/a
3910962	RECOG_LURE	n/a	LTP118	ltpFR	4	5	n/a	CANOE	233	3	n/a	n/a	n/a	n/a	n/a	n/a
3911407	RECOG_RESP	n/a	LTP118	ltpFR	4	5	n/a	CANOE	233	n/a	n/a	n/a	n/a	n/a	n/a	n/a
3912100	RECOG_CONF	n/a	LTP118	ltpFR	4	5	n/a	CANOE	233	3	n/a	n/a	n/a	n/a	n/a	n/a
3913478	RECOG_TARGET	n/a	LTP118	ltpFR	4	5	0	AFRICA	9	5	1	n/a	n/a	n/a	n/a	n/a
3914200	RECOG_RESP	n/a	LTP118	ltpFR	4	5	0	AFRICA	9	n/a	1	n/a	n/a	n/a	n/a	n/a
3914934	RECOG_CONF	n/a	LTP118	ltpFR	4	5	0	AFRICA	9	5	1	n/a	n/a	n/a	n/a	n/a
3916418	RECOG_LURE	n/a	LTP118	ltpFR	4	5	n/a	SHERIFF	1284	3	n/a	n/a	n/a	n/a	n/a	n/a
3916899	RECOG_RESP_VV	n/a	LTP118	ltpFR	4	5	n/a	SHERIFF	1284	n/a	n/a	n/a	n/a	n/a	n/a	n/a
3917428	RECOG_RESP_VV	n/a	LTP118	ltpFR	4	5	n/a	SHERIFF	1284	3	n/a	n/a	n/a	n/a	n/a	n/a
3918133	RECOG_RESP	n/a	LTP118	ltpFR	4	5	n/a	SHERIFF	1284	n/a	n/a	n/a	n/a	n/a	n/a	n/a
3918855	RECOG_CONF	n/a	LTP118	ltpFR	4	5	n/a	SHERIFF	1284	3	n/a	n/a	n/a	n/a	n/a	n/a
3936844	REC_START	n/a	LTP118	ltpFR	4	6	n/a	n/a	n/a	n/a	n/a	n/a	n/a	n/a	n/a	n/a
3936877	RECOG_LURE	n/a	LTP118	ltpFR	4	6	n/a	BEARD	107	3	n/a	n/a	n/a	n/a	n/a	n/a
3937602	RECOG_RESP	n/a	LTP118	ltpFR	4	6	n/a	BEARD	107	n/a	n/a	n/a	n/a	n/a	n/a	n/a
3938286	RECOG_CONF	n/a	LTP118	ltpFR	4	6	n/a	BEARD	107	3	n/a	n/a	n/a	n/a	n/a	n/a
3939628	RECOG_TARGET	n/a	LTP118	ltpFR	4	6	1	BANK	83	3	0	n/a	n/a	n/a	n/a	n/a
3940261	RECOG_RESP	n/a	LTP118	ltpFR	4	6	1	BANK	83	n/a	0	n/a	n/a	n/a	n/a	n/a
3940930	RECOG_CONF	n/a	LTP118	ltpFR	4	6	1	BANK	83	3	0	n/a	n/a	n/a	n/a	n/a
3942267	RECOG_LURE	n/a	LTP118	ltpFR	4	6	n/a	TAPE	1433	4	n/a	n/a	n/a	n/a	n/a	n/a
3942925	RECOG_RESP	n/a	LTP118	ltpFR	4	6	n/a	TAPE	1433	n/a	n/a	n/a	n/a	n/a	n/a	n/a
3943534	RECOG_CONF	n/a	LTP118	ltpFR	4	6	n/a	TAPE	1433	4	n/a	n/a	n/a	n/a	n/a	n/a
3944916	RECOG_LURE	n/a	LTP118	ltpFR	4	6	n/a	STAGE	1366	3	n/a	n/a	n/a	n/a	n/a	n/a
3945709	RECOG_RESP	n/a	LTP118	ltpFR	4	6	n/a	STAGE	1366	n/a	n/a	n/a	n/a	n/a	n/a	n/a
3946347	RECOG_CONF	n/a	LTP118	ltpFR	4	6	n/a	STAGE	1366	3	n/a	n/a	n/a	n/a	n/a	n/a
3947666	RECOG_TARGET	n/a	LTP118	ltpFR	4	6	1	MONASTERY	907	5	0	n/a	n/a	n/a	n/a	n/a
3948293	RECOG_RESP	n/a	LTP118	ltpFR	4	6	1	MONASTERY	907	n/a	0	n/a	n/a	n/a	n/a	n/a
3948961	RECOG_CONF	n/a	LTP118	ltpFR	4	6	1	MONASTERY	907	5	0	n/a	n/a	n/a	n/a	n/a
3950356	RECOG_TARGET	n/a	LTP118	ltpFR	4	6	0	VETERAN	1561	3	1	n/a	n/a	n/a	n/a	n/a
3950927	RECOG_RESP	n/a	LTP118	ltpFR	4	6	0	VETERAN	1561	n/a	1	n/a	n/a	n/a	n/a	n/a
3951675	RECOG_CONF	n/a	LTP118	ltpFR	4	6	0	VETERAN	1561	3	1	n/a	n/a	n/a	n/a	n/a
3953055	RECOG_TARGET	n/a	LTP118	ltpFR	4	6	0	DAISY	435	4	0	n/a	n/a	n/a	n/a	n/a
3953591	RECOG_RESP	n/a	LTP118	ltpFR	4	6	0	DAISY	435	n/a	0	n/a	n/a	n/a	n/a	n/a
3954339	RECOG_CONF	n/a	LTP118	ltpFR	4	6	0	DAISY	435	4	0	n/a	n/a	n/a	n/a	n/a
3955788	RECOG_TARGET	n/a	LTP118	ltpFR	4	6	-1	PONY	1102	3	-1	n/a	n/a	n/a	n/a	n/a
3956504	RECOG_RESP	n/a	LTP118	ltpFR	4	6	-1	PONY	1102	n/a	-1	n/a	n/a	n/a	n/a	n/a
3957512	RECOG_CONF	n/a	LTP118	ltpFR	4	6	-1	PONY	1102	3	-1	n/a	n/a	n/a	n/a	n/a
3958920	RECOG_LURE	n/a	LTP118	ltpFR	4	6	n/a	PILLOW	1069	2	n/a	n/a	n/a	n/a	n/a	n/a
3959737	RECOG_RESP	n/a	LTP118	ltpFR	4	6	n/a	PILLOW	1069	n/a	n/a	n/a	n/a	n/a	n/a	n/a
3960505	RECOG_CONF	n/a	LTP118	ltpFR	4	6	n/a	PILLOW	1069	2	n/a	n/a	n/a	n/a	n/a	n/a
3961810	RECOG_LURE	n/a	LTP118	ltpFR	4	6	n/a	PLUTO	1092	4	n/a	n/a	n/a	n/a	n/a	n/a
3962481	RECOG_RESP	n/a	LTP118	ltpFR	4	6	n/a	PLUTO	1092	n/a	n/a	n/a	n/a	n/a	n/a	n/a
3963159	RECOG_CONF	n/a	LTP118	ltpFR	4	6	n/a	PLUTO	1092	4	n/a	n/a	n/a	n/a	n/a	n/a
3964510	RECOG_LURE	n/a	LTP118	ltpFR	4	6	n/a	FIG	563	5	n/a	n/a	n/a	n/a	n/a	n/a
3965189	RECOG_RESP	n/a	LTP118	ltpFR	4	6	n/a	FIG	563	n/a	n/a	n/a	n/a	n/a	n/a	n/a
3965823	RECOG_CONF	n/a	LTP118	ltpFR	4	6	n/a	FIG	563	5	n/a	n/a	n/a	n/a	n/a	n/a
3967058	RECOG_LURE	n/a	LTP118	ltpFR	4	6	n/a	DONOR	485	5	n/a	n/a	n/a	n/a	n/a	n/a
3967762	RECOG_RESP	n/a	LTP118	ltpFR	4	6	n/a	DONOR	485	n/a	n/a	n/a	n/a	n/a	n/a	n/a
3968417	RECOG_CONF	n/a	LTP118	ltpFR	4	6	n/a	DONOR	485	5	n/a	n/a	n/a	n/a	n/a	n/a
3969774	RECOG_TARGET	n/a	LTP118	ltpFR	4	6	0	HINGE	709	3	0	n/a	n/a	n/a	n/a	n/a
3971186	RECOG_RESP	n/a	LTP118	ltpFR	4	6	0	HINGE	709	n/a	0	n/a	n/a	n/a	n/a	n/a
3971879	RECOG_CONF	n/a	LTP118	ltpFR	4	6	0	HINGE	709	3	0	n/a	n/a	n/a	n/a	n/a
3973115	RECOG_LURE	n/a	LTP118	ltpFR	4	6	n/a	TEACHER	1440	2	n/a	n/a	n/a	n/a	n/a	n/a
3973830	RECOG_RESP	n/a	LTP118	ltpFR	4	6	n/a	TEACHER	1440	n/a	n/a	n/a	n/a	n/a	n/a	n/a
3974513	RECOG_CONF	n/a	LTP118	ltpFR	4	6	n/a	TEACHER	1440	2	n/a	n/a	n/a	n/a	n/a	n/a
3975780	RECOG_LURE	n/a	LTP118	ltpFR	4	6	n/a	CLOVE	329	3	n/a	n/a	n/a	n/a	n/a	n/a
3976509	RECOG_RESP	n/a	LTP118	ltpFR	4	6	n/a	CLOVE	329	n/a	n/a	n/a	n/a	n/a	n/a	n/a
3977227	RECOG_CONF	n/a	LTP118	ltpFR	4	6	n/a	CLOVE	329	3	n/a	n/a	n/a	n/a	n/a	n/a
3978539	RECOG_TARGET	n/a	LTP118	ltpFR	4	6	-1	TOWER	1490	4	-1	n/a	n/a	n/a	n/a	n/a
3979183	RECOG_RESP	n/a	LTP118	ltpFR	4	6	-1	TOWER	1490	n/a	-1	n/a	n/a	n/a	n/a	n/a
3979811	RECOG_CONF	n/a	LTP118	ltpFR	4	6	-1	TOWER	1490	4	-1	n/a	n/a	n/a	n/a	n/a
3981170	RECOG_LURE	n/a	LTP118	ltpFR	4	6	n/a	EARTH	515	3	n/a	n/a	n/a	n/a	n/a	n/a
3981787	RECOG_RESP	n/a	LTP118	ltpFR	4	6	n/a	EARTH	515	n/a	n/a	n/a	n/a	n/a	n/a	n/a
3982635	RECOG_CONF	n/a	LTP118	ltpFR	4	6	n/a	EARTH	515	3	n/a	n/a	n/a	n/a	n/a	n/a
3984027	RECOG_TARGET	n/a	LTP118	ltpFR	4	6	1	SHELTER	1282	4	0	n/a	n/a	n/a	n/a	n/a
3984710	RECOG_RESP	n/a	LTP118	ltpFR	4	6	1	SHELTER	1282	n/a	0	n/a	n/a	n/a	n/a	n/a
3985329	RECOG_CONF	n/a	LTP118	ltpFR	4	6	1	SHELTER	1282	4	0	n/a	n/a	n/a	n/a	n/a
3986653	RECOG_TARGET	n/a	LTP118	ltpFR	4	6	0	CABIN	211	3	1	n/a	n/a	n/a	n/a	n/a
3987264	RECOG_RESP	n/a	LTP118	ltpFR	4	6	0	CABIN	211	n/a	1	n/a	n/a	n/a	n/a	n/a
3987933	RECOG_CONF	n/a	LTP118	ltpFR	4	6	0	CABIN	211	3	1	n/a	n/a	n/a	n/a	n/a
3989226	RECOG_LURE	n/a	LTP118	ltpFR	4	6	n/a	CATERPILLAR	259	3	n/a	n/a	n/a	n/a	n/a	n/a
3989868	RECOG_RESP	n/a	LTP118	ltpFR	4	6	n/a	CATERPILLAR	259	n/a	n/a	n/a	n/a	n/a	n/a	n/a
3990527	RECOG_CONF	n/a	LTP118	ltpFR	4	6	n/a	CATERPILLAR	259	3	n/a	n/a	n/a	n/a	n/a	n/a
4036587	REC_START	n/a	LTP118	ltpFR	4	7	n/a	n/a	n/a	n/a	n/a	n/a	n/a	n/a	n/a	n/a
4036627	RECOG_LURE	n/a	LTP118	ltpFR	4	7	n/a	DUSTPAN	509	3	n/a	n/a	n/a	n/a	n/a	n/a
4037330	RECOG_RESP	n/a	LTP118	ltpFR	4	7	n/a	DUSTPAN	509	n/a	n/a	n/a	n/a	n/a	n/a	n/a
4038019	RECOG_CONF	n/a	LTP118	ltpFR	4	7	n/a	DUSTPAN	509	3	n/a	n/a	n/a	n/a	n/a	n/a
4039366	RECOG_TARGET	n/a	LTP118	ltpFR	4	7	1	PRODUCER	1129	4	1	n/a	n/a	n/a	n/a	n/a
4040154	RECOG_RESP	n/a	LTP118	ltpFR	4	7	1	PRODUCER	1129	n/a	1	n/a	n/a	n/a	n/a	n/a
4040762	RECOG_CONF	n/a	LTP118	ltpFR	4	7	1	PRODUCER	1129	4	1	n/a	n/a	n/a	n/a	n/a
4042065	RECOG_LURE	n/a	LTP118	ltpFR	4	7	n/a	DUNGEON	507	3	n/a	n/a	n/a	n/a	n/a	n/a
4042658	RECOG_RESP	n/a	LTP118	ltpFR	4	7	n/a	DUNGEON	507	n/a	n/a	n/a	n/a	n/a	n/a	n/a
4043356	RECOG_CONF	n/a	LTP118	ltpFR	4	7	n/a	DUNGEON	507	3	n/a	n/a	n/a	n/a	n/a	n/a
4044632	RECOG_LURE	n/a	LTP118	ltpFR	4	7	n/a	JAM	748	3	n/a	n/a	n/a	n/a	n/a	n/a
4045636	RECOG_RESP	n/a	LTP118	ltpFR	4	7	n/a	JAM	748	n/a	n/a	n/a	n/a	n/a	n/a	n/a
4046439	RECOG_CONF	n/a	LTP118	ltpFR	4	7	n/a	JAM	748	3	n/a	n/a	n/a	n/a	n/a	n/a
4047680	RECOG_TARGET	n/a	LTP118	ltpFR	4	7	0	TROMBONE	1508	4	1	n/a	n/a	n/a	n/a	n/a
4048325	RECOG_RESP	n/a	LTP118	ltpFR	4	7	0	TROMBONE	1508	n/a	1	n/a	n/a	n/a	n/a	n/a
4048974	RECOG_CONF	n/a	LTP118	ltpFR	4	7	0	TROMBONE	1508	4	1	n/a	n/a	n/a	n/a	n/a
4050446	RECOG_LURE	n/a	LTP118	ltpFR	4	7	n/a	PILL	1068	3	n/a	n/a	n/a	n/a	n/a	n/a
4051159	RECOG_RESP	n/a	LTP118	ltpFR	4	7	n/a	PILL	1068	n/a	n/a	n/a	n/a	n/a	n/a	n/a
4051937	RECOG_CONF	n/a	LTP118	ltpFR	4	7	n/a	PILL	1068	3	n/a	n/a	n/a	n/a	n/a	n/a
4053403	RECOG_LURE	n/a	LTP118	ltpFR	4	7	n/a	CUFF	423	3	n/a	n/a	n/a	n/a	n/a	n/a
4054072	RECOG_RESP	n/a	LTP118	ltpFR	4	7	n/a	CUFF	423	n/a	n/a	n/a	n/a	n/a	n/a	n/a
4054880	RECOG_CONF	n/a	LTP118	ltpFR	4	7	n/a	CUFF	423	3	n/a	n/a	n/a	n/a	n/a	n/a
4056310	RECOG_LURE	n/a	LTP118	ltpFR	4	7	n/a	HOE	711	4	n/a	n/a	n/a	n/a	n/a	n/a
4057025	RECOG_RESP	n/a	LTP118	ltpFR	4	7	n/a	HOE	711	n/a	n/a	n/a	n/a	n/a	n/a	n/a
4057644	RECOG_CONF	n/a	LTP118	ltpFR	4	7	n/a	HOE	711	4	n/a	n/a	n/a	n/a	n/a	n/a
4059001	RECOG_TARGET	n/a	LTP118	ltpFR	4	7	1	ARTIST	43	4	1	n/a	n/a	n/a	n/a	n/a
4059694	RECOG_RESP	n/a	LTP118	ltpFR	4	7	1	ARTIST	43	n/a	1	n/a	n/a	n/a	n/a	n/a
4060378	RECOG_CONF	n/a	LTP118	ltpFR	4	7	1	ARTIST	43	4	1	n/a	n/a	n/a	n/a	n/a
4061708	RECOG_TARGET	n/a	LTP118	ltpFR	4	7	-1	SWIMMER	1420	5	-1	n/a	n/a	n/a	n/a	n/a
4062308	RECOG_RESP	n/a	LTP118	ltpFR	4	7	-1	SWIMMER	1420	n/a	-1	n/a	n/a	n/a	n/a	n/a
4062972	RECOG_CONF	n/a	LTP118	ltpFR	4	7	-1	SWIMMER	1420	5	-1	n/a	n/a	n/a	n/a	n/a
4064467	RECOG_TARGET	n/a	LTP118	ltpFR	4	7	0	NECKLACE	940	5	1	n/a	n/a	n/a	n/a	n/a
4065182	RECOG_RESP	n/a	LTP118	ltpFR	4	7	0	NECKLACE	940	n/a	1	n/a	n/a	n/a	n/a	n/a
4065945	RECOG_CONF	n/a	LTP118	ltpFR	4	7	0	NECKLACE	940	5	1	n/a	n/a	n/a	n/a	n/a
4067423	RECOG_TARGET	n/a	LTP118	ltpFR	4	7	-1	BOWL	158	5	-1	n/a	n/a	n/a	n/a	n/a
4068075	RECOG_RESP	n/a	LTP118	ltpFR	4	7	-1	BOWL	158	n/a	-1	n/a	n/a	n/a	n/a	n/a
4068908	RECOG_CONF	n/a	LTP118	ltpFR	4	7	-1	BOWL	158	5	-1	n/a	n/a	n/a	n/a	n/a
4070455	RECOG_TARGET	n/a	LTP118	ltpFR	4	7	-1	SWITCH	1422	4	-1	n/a	n/a	n/a	n/a	n/a
4071048	RECOG_RESP	n/a	LTP118	ltpFR	4	7	-1	SWITCH	1422	n/a	-1	n/a	n/a	n/a	n/a	n/a
4071971	RECOG_CONF	n/a	LTP118	ltpFR	4	7	-1	SWITCH	1422	4	-1	n/a	n/a	n/a	n/a	n/a
4073446	RECOG_LURE	n/a	LTP118	ltpFR	4	7	n/a	ARM	38	3	n/a	n/a	n/a	n/a	n/a	n/a
4074496	RECOG_RESP	n/a	LTP118	ltpFR	4	7	n/a	ARM	38	n/a	n/a	n/a	n/a	n/a	n/a	n/a
4075224	RECOG_CONF	n/a	LTP118	ltpFR	4	7	n/a	ARM	38	3	n/a	n/a	n/a	n/a	n/a	n/a
4076654	RECOG_LURE	n/a	LTP118	ltpFR	4	7	n/a	BOSS	152	4	n/a	n/a	n/a	n/a	n/a	n/a
4077339	RECOG_RESP	n/a	LTP118	ltpFR	4	7	n/a	BOSS	152	n/a	n/a	n/a	n/a	n/a	n/a	n/a
4077998	RECOG_CONF	n/a	LTP118	ltpFR	4	7	n/a	BOSS	152	4	n/a	n/a	n/a	n/a	n/a	n/a
4079402	RECOG_LURE	n/a	LTP118	ltpFR	4	7	n/a	FATHER	554	3	n/a	n/a	n/a	n/a	n/a	n/a
4080118	RECOG_RESP	n/a	LTP118	ltpFR	4	7	n/a	FATHER	554	n/a	n/a	n/a	n/a	n/a	n/a	n/a
4080761	RECOG_CONF	n/a	LTP118	ltpFR	4	7	n/a	FATHER	554	3	n/a	n/a	n/a	n/a	n/a	n/a
4082143	RECOG_TARGET	n/a	LTP118	ltpFR	4	7	-1	COLESLAW	344	5	-1	n/a	n/a	n/a	n/a	n/a
4082832	RECOG_RESP	n/a	LTP118	ltpFR	4	7	-1	COLESLAW	344	n/a	-1	n/a	n/a	n/a	n/a	n/a
4083475	RECOG_CONF	n/a	LTP118	ltpFR	4	7	-1	COLESLAW	344	5	-1	n/a	n/a	n/a	n/a	n/a
4084950	RECOG_LURE	n/a	LTP118	ltpFR	4	7	n/a	TOWN	1491	3	n/a	n/a	n/a	n/a	n/a	n/a
4085835	RECOG_RESP	n/a	LTP118	ltpFR	4	7	n/a	TOWN	1491	n/a	n/a	n/a	n/a	n/a	n/a	n/a
4086638	RECOG_CONF	n/a	LTP118	ltpFR	4	7	n/a	TOWN	1491	3	n/a	n/a	n/a	n/a	n/a	n/a
4088141	RECOG_TARGET	n/a	LTP118	ltpFR	4	7	-1	OYSTER	995	4	-1	n/a	n/a	n/a	n/a	n/a
4088818	RECOG_RESP	n/a	LTP118	ltpFR	4	7	-1	OYSTER	995	n/a	-1	n/a	n/a	n/a	n/a	n/a
4089442	RECOG_CONF	n/a	LTP118	ltpFR	4	7	-1	OYSTER	995	4	-1	n/a	n/a	n/a	n/a	n/a
4090948	RECOG_TARGET	n/a	LTP118	ltpFR	4	7	1	EDITORIAL	517	3	0	n/a	n/a	n/a	n/a	n/a
4091572	RECOG_RESP	n/a	LTP118	ltpFR	4	7	1	EDITORIAL	517	n/a	0	n/a	n/a	n/a	n/a	n/a
4092365	RECOG_CONF	n/a	LTP118	ltpFR	4	7	1	EDITORIAL	517	3	0	n/a	n/a	n/a	n/a	n/a
4111550	REC_START	n/a	LTP118	ltpFR	4	8	n/a	n/a	n/a	n/a	n/a	n/a	n/a	n/a	n/a	n/a
4111583	RECOG_TARGET	n/a	LTP118	ltpFR	4	8	1	STUMP	1396	3	0	n/a	n/a	n/a	n/a	n/a
4112178	RECOG_RESP	n/a	LTP118	ltpFR	4	8	1	STUMP	1396	n/a	0	n/a	n/a	n/a	n/a	n/a
4112882	RECOG_CONF	n/a	LTP118	ltpFR	4	8	1	STUMP	1396	3	0	n/a	n/a	n/a	n/a	n/a
4114156	RECOG_TARGET	n/a	LTP118	ltpFR	4	8	1	SPY	1360	4	1	n/a	n/a	n/a	n/a	n/a
4114728	RECOG_RESP	n/a	LTP118	ltpFR	4	8	1	SPY	1360	n/a	1	n/a	n/a	n/a	n/a	n/a
4115276	RECOG_CONF	n/a	LTP118	ltpFR	4	8	1	SPY	1360	4	1	n/a	n/a	n/a	n/a	n/a
4116680	RECOG_TARGET	n/a	LTP118	ltpFR	4	8	1	ROBIN	1199	4	1	n/a	n/a	n/a	n/a	n/a
4117387	RECOG_RESP	n/a	LTP118	ltpFR	4	8	1	ROBIN	1199	n/a	1	n/a	n/a	n/a	n/a	n/a
4117970	RECOG_CONF	n/a	LTP118	ltpFR	4	8	1	ROBIN	1199	4	1	n/a	n/a	n/a	n/a	n/a
4119329	RECOG_TARGET	n/a	LTP118	ltpFR	4	8	0	SILVERWARE	1308	3	n/a	n/a	n/a	n/a	n/a	n/a
4119926	RECOG_RESP	n/a	LTP118	ltpFR	4	8	0	SILVERWARE	1308	n/a	n/a	n/a	n/a	n/a	n/a	n/a
4120654	RECOG_CONF	n/a	LTP118	ltpFR	4	8	0	SILVERWARE	1308	3	n/a	n/a	n/a	n/a	n/a	n/a
4122028	RECOG_TARGET	n/a	LTP118	ltpFR	4	8	0	LITTER	832	4	0	n/a	n/a	n/a	n/a	n/a
4122709	RECOG_RESP	n/a	LTP118	ltpFR	4	8	0	LITTER	832	n/a	0	n/a	n/a	n/a	n/a	n/a
4123388	RECOG_CONF	n/a	LTP118	ltpFR	4	8	0	LITTER	832	4	0	n/a	n/a	n/a	n/a	n/a
4124794	RECOG_TARGET	n/a	LTP118	ltpFR	4	8	1	LION	827	5	1	n/a	n/a	n/a	n/a	n/a
4125478	RECOG_RESP	n/a	LTP118	ltpFR	4	8	1	LION	827	n/a	1	n/a	n/a	n/a	n/a	n/a
4126152	RECOG_CONF	n/a	LTP118	ltpFR	4	8	1	LION	827	5	1	n/a	n/a	n/a	n/a	n/a
4127578	RECOG_TARGET	n/a	LTP118	ltpFR	4	8	1	BISCUIT	130	5	0	n/a	n/a	n/a	n/a	n/a
4128207	RECOG_RESP	n/a	LTP118	ltpFR	4	8	1	BISCUIT	130	n/a	0	n/a	n/a	n/a	n/a	n/a
4128955	RECOG_CONF	n/a	LTP118	ltpFR	4	8	1	BISCUIT	130	5	0	n/a	n/a	n/a	n/a	n/a
4130392	RECOG_TARGET	n/a	LTP118	ltpFR	4	8	0	OUTLAW	989	3	0	n/a	n/a	n/a	n/a	n/a
4131085	RECOG_RESP	n/a	LTP118	ltpFR	4	8	0	OUTLAW	989	n/a	0	n/a	n/a	n/a	n/a	n/a
4131809	RECOG_CONF	n/a	LTP118	ltpFR	4	8	0	OUTLAW	989	3	0	n/a	n/a	n/a	n/a	n/a
4133266	RECOG_LURE	n/a	LTP118	ltpFR	4	8	n/a	RASH	1167	4	n/a	n/a	n/a	n/a	n/a	n/a
4134029	RECOG_RESP	n/a	LTP118	ltpFR	4	8	n/a	RASH	1167	n/a	n/a	n/a	n/a	n/a	n/a	n/a
4134742	RECOG_CONF	n/a	LTP118	ltpFR	4	8	n/a	RASH	1167	4	n/a	n/a	n/a	n/a	n/a	n/a
4136090	RECOG_TARGET	n/a	LTP118	ltpFR	4	8	1	VEHICLE	1553	5	0	n/a	n/a	n/a	n/a	n/a
4136743	RECOG_RESP	n/a	LTP118	ltpFR	4	8	1	VEHICLE	1553	n/a	0	n/a	n/a	n/a	n/a	n/a
4137476	RECOG_CONF	n/a	LTP118	ltpFR	4	8	1	VEHICLE	1553	5	0	n/a	n/a	n/a	n/a	n/a
4138939	RECOG_LURE	n/a	LTP118	ltpFR	4	8	n/a	MASK	876	3	n/a	n/a	n/a	n/a	n/a	n/a
4139945	RECOG_RESP	n/a	LTP118	ltpFR	4	8	n/a	MASK	876	n/a	n/a	n/a	n/a	n/a	n/a	n/a
4140699	RECOG_CONF	n/a	LTP118	ltpFR	4	8	n/a	MASK	876	3	n/a	n/a	n/a	n/a	n/a	n/a
4142163	RECOG_TARGET	n/a	LTP118	ltpFR	4	8	0	MOON	914	5	1	n/a	n/a	n/a	n/a	n/a
4142804	RECOG_RESP	n/a	LTP118	ltpFR	4	8	0	MOON	914	n/a	1	n/a	n/a	n/a	n/a	n/a
4143572	RECOG_CONF	n/a	LTP118	ltpFR	4	8	0	MOON	914	5	1	n/a	n/a	n/a	n/a	n/a
4144995	RECOG_TARGET	n/a	LTP118	ltpFR	4	8	-1	SHELF	1280	4	-1	n/a	n/a	n/a	n/a	n/a
4145727	RECOG_RESP	n/a	LTP118	ltpFR	4	8	-1	SHELF	1280	n/a	-1	n/a	n/a	n/a	n/a	n/a
4146366	RECOG_CONF	n/a	LTP118	ltpFR	4	8	-1	SHELF	1280	4	-1	n/a	n/a	n/a	n/a	n/a
4147894	RECOG_LURE	n/a	LTP118	ltpFR	4	8	n/a	WRENCH	1625	3	n/a	n/a	n/a	n/a	n/a	n/a
4149773	RECOG_RESP	n/a	LTP118	ltpFR	4	8	n/a	WRENCH	1625	n/a	n/a	n/a	n/a	n/a	n/a	n/a
4150676	RECOG_CONF	n/a	LTP118	ltpFR	4	8	n/a	WRENCH	1625	3	n/a	n/a	n/a	n/a	n/a	n/a
4152060	RECOG_TARGET	n/a	LTP118	ltpFR	4	8	0	INCENSE	735	5	0	n/a	n/a	n/a	n/a	n/a
4152901	RECOG_RESP	n/a	LTP118	ltpFR	4	8	0	INCENSE	735	n/a	0	n/a	n/a	n/a	n/a	n/a
4153480	RECOG_CONF	n/a	LTP118	ltpFR	4	8	0	INCENSE	735	5	0	n/a	n/a	n/a	n/a	n/a
4154934	RECOG_TARGET	n/a	LTP118	ltpFR	4	8	1	VACUUM	1543	4	0	n/a	n/a	n/a	n/a	n/a
4155545	RECOG_RESP	n/a	LTP118	ltpFR	4	8	1	VACUUM	1543	n/a	0	n/a	n/a	n/a	n/a	n/a
4156163	RECOG_CONF	n/a	LTP118	ltpFR	4	8	1	VACUUM	1543	4	0	n/a	n/a	n/a	n/a	n/a
4157659	RECOG_TARGET	n/a	LTP118	ltpFR	4	8	1	SCAPEGOAT	1244	5	0	n/a	n/a	n/a	n/a	n/a
4158219	RECOG_RESP	n/a	LTP118	ltpFR	4	8	1	SCAPEGOAT	1244	n/a	0	n/a	n/a	n/a	n/a	n/a
4158758	RECOG_CONF	n/a	LTP118	ltpFR	4	8	1	SCAPEGOAT	1244	5	0	n/a	n/a	n/a	n/a	n/a
4160282	RECOG_TARGET	n/a	LTP118	ltpFR	4	8	-1	WATER	1594	3	-1	n/a	n/a	n/a	n/a	n/a
4160738	RECOG_RESP	n/a	LTP118	ltpFR	4	8	-1	WATER	1594	n/a	-1	n/a	n/a	n/a	n/a	n/a
4161402	RECOG_CONF	n/a	LTP118	ltpFR	4	8	-1	WATER	1594	3	-1	n/a	n/a	n/a	n/a	n/a
4162673	RECOG_TARGET	n/a	LTP118	ltpFR	4	8	-1	NET	946	4	-1	n/a	n/a	n/a	n/a	n/a
4163342	RECOG_RESP	n/a	LTP118	ltpFR	4	8	-1	NET	946	n/a	-1	n/a	n/a	n/a	n/a	n/a
4164195	RECOG_CONF	n/a	LTP118	ltpFR	4	8	-1	NET	946	4	-1	n/a	n/a	n/a	n/a	n/a
4165455	RECOG_TARGET	n/a	LTP118	ltpFR	4	8	0	CARAVAN	242	5	1	n/a	n/a	n/a	n/a	n/a
4166151	RECOG_RESP	n/a	LTP118	ltpFR	4	8	0	CARAVAN	242	n/a	1	n/a	n/a	n/a	n/a	n/a
4166739	RECOG_CONF	n/a	LTP118	ltpFR	4	8	0	CARAVAN	242	5	1	n/a	n/a	n/a	n/a	n/a
4190864	REC_START	n/a	LTP118	ltpFR	4	9	n/a	n/a	n/a	n/a	n/a	n/a	n/a	n/a	n/a	n/a
4190896	RECOG_TARGET	n/a	LTP118	ltpFR	4	9	0	JOKER	759	3	0	n/a	n/a	n/a	n/a	n/a
4191398	RECOG_RESP	n/a	LTP118	ltpFR	4	9	0	JOKER	759	n/a	0	n/a	n/a	n/a	n/a	n/a
4192066	RECOG_CONF	n/a	LTP118	ltpFR	4	9	0	JOKER	759	3	0	n/a	n/a	n/a	n/a	n/a
4193378	RECOG_LURE	n/a	LTP118	ltpFR	4	9	n/a	COMPANION	357	4	n/a	n/a	n/a	n/a	n/a	n/a
4194077	RECOG_RESP	n/a	LTP118	ltpFR	4	9	n/a	COMPANION	357	n/a	n/a	n/a	n/a	n/a	n/a	n/a
4194670	RECOG_CONF	n/a	LTP118	ltpFR	4	9	n/a	COMPANION	357	4	n/a	n/a	n/a	n/a	n/a	n/a
4196027	RECOG_TARGET	n/a	LTP118	ltpFR	4	9	0	OCEAN	970	3	1	n/a	n/a	n/a	n/a	n/a
4196576	RECOG_RESP	n/a	LTP118	ltpFR	4	9	0	OCEAN	970	n/a	1	n/a	n/a	n/a	n/a	n/a
4197294	RECOG_CONF	n/a	LTP118	ltpFR	4	9	0	OCEAN	970	3	1	n/a	n/a	n/a	n/a	n/a
4198602	RECOG_LURE	n/a	LTP118	ltpFR	4	9	n/a	POLICE	1098	2	n/a	n/a	n/a	n/a	n/a	n/a
4199075	RECOG_RESP	n/a	LTP118	ltpFR	4	9	n/a	POLICE	1098	n/a	n/a	n/a	n/a	n/a	n/a	n/a
4199739	RECOG_CONF	n/a	LTP118	ltpFR	4	9	n/a	POLICE	1098	2	n/a	n/a	n/a	n/a	n/a	n/a
4201009	RECOG_TARGET	n/a	LTP118	ltpFR	4	9	1	LOVER	846	5	1	n/a	n/a	n/a	n/a	n/a
4201654	RECOG_RESP	n/a	LTP118	ltpFR	4	9	1	LOVER	846	n/a	1	n/a	n/a	n/a	n/a	n/a
4202233	RECOG_CONF	n/a	LTP118	ltpFR	4	9	1	LOVER	846	5	1	n/a	n/a	n/a	n/a	n/a
4203725	RECOG_TARGET	n/a	LTP118	ltpFR	4	9	-1	POOL	1103	5	-1	n/a	n/a	n/a	n/a	n/a
4204248	RECOG_RESP	n/a	LTP118	ltpFR	4	9	-1	POOL	1103	n/a	-1	n/a	n/a	n/a	n/a	n/a
4204817	RECOG_CONF	n/a	LTP118	ltpFR	4	9	-1	POOL	1103	5	-1	n/a	n/a	n/a	n/a	n/a
4206257	RECOG_TARGET	n/a	LTP118	ltpFR	4	9	0	CHESS	294	5	0	n/a	n/a	n/a	n/a	n/a
4206828	RECOG_RESP	n/a	LTP118	ltpFR	4	9	0	CHESS	294	n/a	0	n/a	n/a	n/a	n/a	n/a
4207391	RECOG_CONF	n/a	LTP118	ltpFR	4	9	0	CHESS	294	5	0	n/a	n/a	n/a	n/a	n/a
4208823	RECOG_LURE	n/a	LTP118	ltpFR	4	9	n/a	LAMB	797	3	n/a	n/a	n/a	n/a	n/a	n/a
4209362	RECOG_RESP	n/a	LTP118	ltpFR	4	9	n/a	LAMB	797	n/a	n/a	n/a	n/a	n/a	n/a	n/a
4210015	RECOG_CONF	n/a	LTP118	ltpFR	4	9	n/a	LAMB	797	3	n/a	n/a	n/a	n/a	n/a	n/a
4211389	RECOG_LURE	n/a	LTP118	ltpFR	4	9	n/a	REPTILE	1185	3	n/a	n/a	n/a	n/a	n/a	n/a
4212081	RECOG_RESP	n/a	LTP118	ltpFR	4	9	n/a	REPTILE	1185	n/a	n/a	n/a	n/a	n/a	n/a	n/a
4212689	RECOG_CONF	n/a	LTP118	ltpFR	4	9	n/a	REPTILE	1185	3	n/a	n/a	n/a	n/a	n/a	n/a
4214013	RECOG_TARGET	n/a	LTP118	ltpFR	4	9	-1	NOTEBOOK	959	5	-1	n/a	n/a	n/a	n/a	n/a
4214625	RECOG_RESP	n/a	LTP118	ltpFR	4	9	-1	NOTEBOOK	959	n/a	-1	n/a	n/a	n/a	n/a	n/a
4215194	RECOG_CONF	n/a	LTP118	ltpFR	4	9	-1	NOTEBOOK	959	5	-1	n/a	n/a	n/a	n/a	n/a
4216621	RECOG_LURE	n/a	LTP118	ltpFR	4	9	n/a	ENVELOPE	537	3	n/a	n/a	n/a	n/a	n/a	n/a
4217239	RECOG_RESP	n/a	LTP118	ltpFR	4	9	n/a	ENVELOPE	537	n/a	n/a	n/a	n/a	n/a	n/a	n/a
4217887	RECOG_CONF	n/a	LTP118	ltpFR	4	9	n/a	ENVELOPE	537	3	n/a	n/a	n/a	n/a	n/a	n/a
4219352	RECOG_TARGET	n/a	LTP118	ltpFR	4	9	-1	BONE	148	5	-1	n/a	n/a	n/a	n/a	n/a
4219953	RECOG_RESP	n/a	LTP118	ltpFR	4	9	-1	BONE	148	n/a	-1	n/a	n/a	n/a	n/a	n/a
4220621	RECOG_CONF	n/a	LTP118	ltpFR	4	9	-1	BONE	148	5	-1	n/a	n/a	n/a	n/a	n/a
4222126	RECOG_TARGET	n/a	LTP118	ltpFR	4	9	0	CAGE	218	5	0	n/a	n/a	n/a	n/a	n/a
4222672	RECOG_RESP	n/a	LTP118	ltpFR	4	9	0	CAGE	218	n/a	0	n/a	n/a	n/a	n/a	n/a
4223455	RECOG_CONF	n/a	LTP118	ltpFR	4	9	0	CAGE	218	5	0	n/a	n/a	n/a	n/a	n/a
4224925	RECOG_TARGET	n/a	LTP118	ltpFR	4	9	0	OTTER	986	3	1	n/a	n/a	n/a	n/a	n/a
4225505	RECOG_RESP	n/a	LTP118	ltpFR	4	9	0	OTTER	986	n/a	1	n/a	n/a	n/a	n/a	n/a
4226149	RECOG_CONF	n/a	LTP118	ltpFR	4	9	0	OTTER	986	3	1	n/a	n/a	n/a	n/a	n/a
4227467	RECOG_LURE	n/a	LTP118	ltpFR	4	9	n/a	BERRY	122	2	n/a	n/a	n/a	n/a	n/a	n/a
4228029	RECOG_RESP	n/a	LTP118	ltpFR	4	9	n/a	BERRY	122	n/a	n/a	n/a	n/a	n/a	n/a	n/a
4228753	RECOG_CONF	n/a	LTP118	ltpFR	4	9	n/a	BERRY	122	2	n/a	n/a	n/a	n/a	n/a	n/a
4230065	RECOG_TARGET	n/a	LTP118	ltpFR	4	9	1	DRINK	498	1	0	n/a	n/a	n/a	n/a	n/a
4230653	RECOG_RESP	n/a	LTP118	ltpFR	4	9	1	DRINK	498	n/a	0	n/a	n/a	n/a	n/a	n/a
4231377	RECOG_CONF	n/a	LTP118	ltpFR	4	9	1	DRINK	498	1	0	n/a	n/a	n/a	n/a	n/a
4232632	RECOG_TARGET	n/a	LTP118	ltpFR	4	9	0	ELM	527	5	1	n/a	n/a	n/a	n/a	n/a
4233183	RECOG_RESP	n/a	LTP118	ltpFR	4	9	0	ELM	527	n/a	1	n/a	n/a	n/a	n/a	n/a
4233711	RECOG_CONF	n/a	LTP118	ltpFR	4	9	0	ELM	527	5	1	n/a	n/a	n/a	n/a	n/a
4235072	RECOG_TARGET	n/a	LTP118	ltpFR	4	9	1	STOVE	1388	3	0	n/a	n/a	n/a	n/a	n/a
4235687	RECOG_RESP	n/a	LTP118	ltpFR	4	9	1	STOVE	1388	n/a	0	n/a	n/a	n/a	n/a	n/a
4236335	RECOG_CONF	n/a	LTP118	ltpFR	4	9	1	STOVE	1388	3	0	n/a	n/a	n/a	n/a	n/a
4237737	RECOG_TARGET	n/a	LTP118	ltpFR	4	9	1	FROG	608	4	1	n/a	n/a	n/a	n/a	n/a
4238126	RECOG_RESP	n/a	LTP118	ltpFR	4	9	1	FROG	608	n/a	1	n/a	n/a	n/a	n/a	n/a
4238640	RECOG_CONF	n/a	LTP118	ltpFR	4	9	1	FROG	608	4	1	n/a	n/a	n/a	n/a	n/a
4240120	RECOG_TARGET	n/a	LTP118	ltpFR	4	9	0	AGENT	10	5	1	n/a	n/a	n/a	n/a	n/a
4240586	RECOG_RESP	n/a	LTP118	ltpFR	4	9	0	AGENT	10	n/a	1	n/a	n/a	n/a	n/a	n/a
4241075	RECOG_CONF	n/a	LTP118	ltpFR	4	9	0	AGENT	10	5	1	n/a	n/a	n/a	n/a	n/a
4272830	REC_START	n/a	LTP118	ltpFR	4	10	n/a	n/a	n/a	n/a	n/a	n/a	n/a	n/a	n/a	n/a
4272867	RECOG_TARGET	n/a	LTP118	ltpFR	4	10	-1	CRUTCH	417	3	-1	n/a	n/a	n/a	n/a	n/a
4273528	RECOG_RESP	n/a	LTP118	ltpFR	4	10	-1	CRUTCH	417	n/a	-1	n/a	n/a	n/a	n/a	n/a
4274212	RECOG_CONF	n/a	LTP118	ltpFR	4	10	-1	CRUTCH	417	3	-1	n/a	n/a	n/a	n/a	n/a
4275492	RECOG_TARGET	n/a	LTP118	ltpFR	4	10	0	DISH	474	2	0	n/a	n/a	n/a	n/a	n/a
4276023	RECOG_RESP	n/a	LTP118	ltpFR	4	10	0	DISH	474	n/a	0	n/a	n/a	n/a	n/a	n/a
4276646	RECOG_CONF	n/a	LTP118	ltpFR	4	10	0	DISH	474	2	0	n/a	n/a	n/a	n/a	n/a
4277965	RECOG_TARGET	n/a	LTP118	ltpFR	4	10	1	TILE	1468	3	0	n/a	n/a	n/a	n/a	n/a
4278527	RECOG_RESP	n/a	LTP118	ltpFR	4	10	1	TILE	1468	n/a	0	n/a	n/a	n/a	n/a	n/a
4279121	RECOG_CONF	n/a	LTP118	ltpFR	4	10	1	TILE	1468	3	0	n/a	n/a	n/a	n/a	n/a
4280532	RECOG_TARGET	n/a	LTP118	ltpFR	4	10	1	CAFETERIA	217	4	0	n/a	n/a	n/a	n/a	n/a
4281086	RECOG_RESP	n/a	LTP118	ltpFR	4	10	1	CAFETERIA	217	n/a	0	n/a	n/a	n/a	n/a	n/a
4281635	RECOG_CONF	n/a	LTP118	ltpFR	4	10	1	CAFETERIA	217	4	0	n/a	n/a	n/a	n/a	n/a
4282980	RECOG_TARGET	n/a	LTP118	ltpFR	4	10	1	PARENT	1013	5	0	n/a	n/a	n/a	n/a	n/a
4283451	RECOG_RESP	n/a	LTP118	ltpFR	4	10	1	PARENT	1013	n/a	0	n/a	n/a	n/a	n/a	n/a
4284009	RECOG_CONF	n/a	LTP118	ltpFR	4	10	1	PARENT	1013	5	0	n/a	n/a	n/a	n/a	n/a
4285421	RECOG_TARGET	n/a	LTP118	ltpFR	4	10	0	PARTNER	1017	3	1	n/a	n/a	n/a	n/a	n/a
4285875	RECOG_RESP	n/a	LTP118	ltpFR	4	10	0	PARTNER	1017	n/a	1	n/a	n/a	n/a	n/a	n/a
4286504	RECOG_CONF	n/a	LTP118	ltpFR	4	10	0	PARTNER	1017	3	1	n/a	n/a	n/a	n/a	n/a
4287886	RECOG_TARGET	n/a	LTP118	ltpFR	4	10	1	DWARF	510	4	1	n/a	n/a	n/a	n/a	n/a
4288734	RECOG_RESP	n/a	LTP118	ltpFR	4	10	1	DWARF	510	n/a	1	n/a	n/a	n/a	n/a	n/a
4289277	RECOG_CONF	n/a	LTP118	ltpFR	4	10	1	DWARF	510	4	1	n/a	n/a	n/a	n/a	n/a
4290653	RECOG_TARGET	n/a	LTP118	ltpFR	4	10	1	EGYPT	519	5	0	n/a	n/a	n/a	n/a	n/a
4291133	RECOG_RESP	n/a	LTP118	ltpFR	4	10	1	EGYPT	519	n/a	0	n/a	n/a	n/a	n/a	n/a
4291612	RECOG_CONF	n/a	LTP118	ltpFR	4	10	1	EGYPT	519	5	0	n/a	n/a	n/a	n/a	n/a
4293043	RECOG_TARGET	n/a	LTP118	ltpFR	4	10	-1	TAXI	1438	5	-1	n/a	n/a	n/a	n/a	n/a
4293503	RECOG_RESP	n/a	LTP118	ltpFR	4	10	-1	TAXI	1438	n/a	-1	n/a	n/a	n/a	n/a	n/a
4293977	RECOG_CONF	n/a	LTP118	ltpFR	4	10	-1	TAXI	1438	5	-1	n/a	n/a	n/a	n/a	n/a
4295442	RECOG_TARGET	n/a	LTP118	ltpFR	4	10	1	AUTHOR	61	3	1	n/a	n/a	n/a	n/a	n/a
4295897	RECOG_RESP	n/a	LTP118	ltpFR	4	10	1	AUTHOR	61	n/a	1	n/a	n/a	n/a	n/a	n/a
4296501	RECOG_CONF	n/a	LTP118	ltpFR	4	10	1	AUTHOR	61	3	1	n/a	n/a	n/a	n/a	n/a
4297850	RECOG_LURE	n/a	LTP118	ltpFR	4	10	n/a	DECK	443	4	n/a	n/a	n/a	n/a	n/a	n/a
4298287	RECOG_RESP	n/a	LTP118	ltpFR	4	10	n/a	DECK	443	n/a	n/a	n/a	n/a	n/a	n/a	n/a
4298816	RECOG_CONF	n/a	LTP118	ltpFR	4	10	n/a	DECK	443	4	n/a	n/a	n/a	n/a	n/a	n/a
4300115	RECOG_TARGET	n/a	LTP118	ltpFR	4	10	1	COMMUNITY	356	5	0	n/a	n/a	n/a	n/a	n/a
4300637	RECOG_RESP	n/a	LTP118	ltpFR	4	10	1	COMMUNITY	356	n/a	0	n/a	n/a	n/a	n/a	n/a
4301140	RECOG_CONF	n/a	LTP118	ltpFR	4	10	1	COMMUNITY	356	5	0	n/a	n/a	n/a	n/a	n/a
4302532	RECOG_LURE	n/a	LTP118	ltpFR	4	10	n/a	ASSISTANT	48	3	n/a	n/a	n/a	n/a	n/a	n/a
4302986	RECOG_RESP	n/a	LTP118	ltpFR	4	10	n/a	ASSISTANT	48	n/a	n/a	n/a	n/a	n/a	n/a	n/a
4303585	RECOG_CONF	n/a	LTP118	ltpFR	4	10	n/a	ASSISTANT	48	3	n/a	n/a	n/a	n/a	n/a	n/a
4304955	RECOG_LURE	n/a	LTP118	ltpFR	4	10	n/a	SPHINX	1349	3	n/a	n/a	n/a	n/a	n/a	n/a
4305720	RECOG_RESP	n/a	LTP118	ltpFR	4	10	n/a	SPHINX	1349	n/a	n/a	n/a	n/a	n/a	n/a	n/a
4306339	RECOG_CONF	n/a	LTP118	ltpFR	4	10	n/a	SPHINX	1349	3	n/a	n/a	n/a	n/a	n/a	n/a
4307713	RECOG_TARGET	n/a	LTP118	ltpFR	4	10	0	CLAY	320	4	0	n/a	n/a	n/a	n/a	n/a
4308339	RECOG_RESP	n/a	LTP118	ltpFR	4	10	0	CLAY	320	n/a	0	n/a	n/a	n/a	n/a	n/a
4308963	RECOG_CONF	n/a	LTP118	ltpFR	4	10	0	CLAY	320	4	0	n/a	n/a	n/a	n/a	n/a
4310479	RECOG_TARGET	n/a	LTP118	ltpFR	4	10	1	PLIERS	1089	3	0	n/a	n/a	n/a	n/a	n/a
4311203	RECOG_RESP	n/a	LTP118	ltpFR	4	10	1	PLIERS	1089	n/a	0	n/a	n/a	n/a	n/a	n/a
4312285	RECOG_CONF	n/a	LTP118	ltpFR	4	10	1	PLIERS	1089	3	0	n/a	n/a	n/a	n/a	n/a
4313736	RECOG_LURE	n/a	LTP118	ltpFR	4	10	n/a	STADIUM	1364	4	n/a	n/a	n/a	n/a	n/a	n/a
4314765	RECOG_RESP	n/a	LTP118	ltpFR	4	10	n/a	STADIUM	1364	n/a	n/a	n/a	n/a	n/a	n/a	n/a
4315488	RECOG_CONF	n/a	LTP118	ltpFR	4	10	n/a	STADIUM	1364	4	n/a	n/a	n/a	n/a	n/a	n/a
4316851	RECOG_TARGET	n/a	LTP118	ltpFR	4	10	1	RAG	1160	5	0	n/a	n/a	n/a	n/a	n/a
4317458	RECOG_RESP	n/a	LTP118	ltpFR	4	10	1	RAG	1160	n/a	0	n/a	n/a	n/a	n/a	n/a
4318072	RECOG_CONF	n/a	LTP118	ltpFR	4	10	1	RAG	1160	5	0	n/a	n/a	n/a	n/a	n/a
4319417	RECOG_LURE	n/a	LTP118	ltpFR	4	10	n/a	THERMOMETER	1453	3	n/a	n/a	n/a	n/a	n/a	n/a
4320811	RECOG_RESP	n/a	LTP118	ltpFR	4	10	n/a	THERMOMETER	1453	n/a	n/a	n/a	n/a	n/a	n/a	n/a
4321584	RECOG_CONF	n/a	LTP118	ltpFR	4	10	n/a	THERMOMETER	1453	3	n/a	n/a	n/a	n/a	n/a	n/a
4322982	RECOG_TARGET	n/a	LTP118	ltpFR	4	10	1	COTTON	385	4	0	n/a	n/a	n/a	n/a	n/a
4323480	RECOG_RESP	n/a	LTP118	ltpFR	4	10	1	COTTON	385	n/a	0	n/a	n/a	n/a	n/a	n/a
4324078	RECOG_CONF	n/a	LTP118	ltpFR	4	10	1	COTTON	385	4	0	n/a	n/a	n/a	n/a	n/a
4347258	REC_START	n/a	LTP118	ltpFR	4	11	n/a	n/a	n/a	n/a	n/a	n/a	n/a	n/a	n/a	n/a
4347299	RECOG_LURE	n/a	LTP118	ltpFR	4	11	n/a	NEWSPAPER	948	3	n/a	n/a	n/a	n/a	n/a	n/a
4347841	RECOG_RESP	n/a	LTP118	ltpFR	4	11	n/a	NEWSPAPER	948	n/a	n/a	n/a	n/a	n/a	n/a	n/a
4348480	RECOG_CONF	n/a	LTP118	ltpFR	4	11	n/a	NEWSPAPER	948	3	n/a	n/a	n/a	n/a	n/a	n/a
4349856	RECOG_LURE	n/a	LTP118	ltpFR	4	11	n/a	SHAMPOO	1274	4	n/a	n/a	n/a	n/a	n/a	n/a
4350351	RECOG_RESP	n/a	LTP118	ltpFR	4	11	n/a	SHAMPOO	1274	n/a	n/a	n/a	n/a	n/a	n/a	n/a
4350885	RECOG_CONF	n/a	LTP118	ltpFR	4	11	n/a	SHAMPOO	1274	4	n/a	n/a	n/a	n/a	n/a	n/a
4352289	RECOG_LURE	n/a	LTP118	ltpFR	4	11	n/a	FLOUR	583	3	n/a	n/a	n/a	n/a	n/a	n/a
4352910	RECOG_RESP	n/a	LTP118	ltpFR	4	11	n/a	FLOUR	583	n/a	n/a	n/a	n/a	n/a	n/a	n/a
4353568	RECOG_CONF	n/a	LTP118	ltpFR	4	11	n/a	FLOUR	583	3	n/a	n/a	n/a	n/a	n/a	n/a
4354838	RECOG_LURE	n/a	LTP118	ltpFR	4	11	n/a	HAMMOCK	681	4	n/a	n/a	n/a	n/a	n/a	n/a
4355429	RECOG_RESP	n/a	LTP118	ltpFR	4	11	n/a	HAMMOCK	681	n/a	n/a	n/a	n/a	n/a	n/a	n/a
4355953	RECOG_CONF	n/a	LTP118	ltpFR	4	11	n/a	HAMMOCK	681	4	n/a	n/a	n/a	n/a	n/a	n/a
4357287	RECOG_TARGET	n/a	LTP118	ltpFR	4	11	1	MAGICIAN	854	4	1	n/a	n/a	n/a	n/a	n/a
4357944	RECOG_RESP	n/a	LTP118	ltpFR	4	11	1	MAGICIAN	854	n/a	1	n/a	n/a	n/a	n/a	n/a
4358517	RECOG_CONF	n/a	LTP118	ltpFR	4	11	1	MAGICIAN	854	4	1	n/a	n/a	n/a	n/a	n/a
4359886	RECOG_TARGET	n/a	LTP118	ltpFR	4	11	0	TICK	1463	5	1	n/a	n/a	n/a	n/a	n/a
4360483	RECOG_RESP	n/a	LTP118	ltpFR	4	11	0	TICK	1463	n/a	1	n/a	n/a	n/a	n/a	n/a
4360992	RECOG_CONF	n/a	LTP118	ltpFR	4	11	0	TICK	1463	5	1	n/a	n/a	n/a	n/a	n/a
4362368	RECOG_TARGET	n/a	LTP118	ltpFR	4	11	-1	BLACKBERRY	132	5	-1	n/a	n/a	n/a	n/a	n/a
4362862	RECOG_RESP	n/a	LTP118	ltpFR	4	11	-1	BLACKBERRY	132	n/a	-1	n/a	n/a	n/a	n/a	n/a
4363356	RECOG_CONF	n/a	LTP118	ltpFR	4	11	-1	BLACKBERRY	132	5	-1	n/a	n/a	n/a	n/a	n/a
4364784	RECOG_TARGET	n/a	LTP118	ltpFR	4	11	0	WAVE	1596	3	1	n/a	n/a	n/a	n/a	n/a
4365332	RECOG_RESP	n/a	LTP118	ltpFR	4	11	0	WAVE	1596	n/a	1	n/a	n/a	n/a	n/a	n/a
4365910	RECOG_CONF	n/a	LTP118	ltpFR	4	11	0	WAVE	1596	3	1	n/a	n/a	n/a	n/a	n/a
4367192	RECOG_LURE	n/a	LTP118	ltpFR	4	11	n/a	LOAF	835	2	n/a	n/a	n/a	n/a	n/a	n/a
4367641	RECOG_RESP	n/a	LTP118	ltpFR	4	11	n/a	LOAF	835	n/a	n/a	n/a	n/a	n/a	n/a	n/a
4368245	RECOG_CONF	n/a	LTP118	ltpFR	4	11	n/a	LOAF	835	2	n/a	n/a	n/a	n/a	n/a	n/a
4369609	RECOG_TARGET	n/a	LTP118	ltpFR	4	11	1	PUDDLE	1140	4	0	n/a	n/a	n/a	n/a	n/a
4370156	RECOG_RESP	n/a	LTP118	ltpFR	4	11	1	PUDDLE	1140	n/a	0	n/a	n/a	n/a	n/a	n/a
4370640	RECOG_CONF	n/a	LTP118	ltpFR	4	11	1	PUDDLE	1140	4	0	n/a	n/a	n/a	n/a	n/a
4372082	RECOG_TARGET	n/a	LTP118	ltpFR	4	11	1	ACTRESS	6	5	1	n/a	n/a	n/a	n/a	n/a
4372615	RECOG_RESP	n/a	LTP118	ltpFR	4	11	1	ACTRESS	6	n/a	1	n/a	n/a	n/a	n/a	n/a
4373124	RECOG_CONF	n/a	LTP118	ltpFR	4	11	1	ACTRESS	6	5	1	n/a	n/a	n/a	n/a	n/a
4374431	RECOG_LURE	n/a	LTP118	ltpFR	4	11	n/a	KANGAROO	768	3	n/a	n/a	n/a	n/a	n/a	n/a
4375030	RECOG_RESP	n/a	LTP118	ltpFR	4	11	n/a	KANGAROO	768	n/a	n/a	n/a	n/a	n/a	n/a	n/a
4375588	RECOG_CONF	n/a	LTP118	ltpFR	4	11	n/a	KANGAROO	768	3	n/a	n/a	n/a	n/a	n/a	n/a
4376946	RECOG_TARGET	n/a	LTP118	ltpFR	4	11	1	VALVE	1546	5	0	n/a	n/a	n/a	n/a	n/a
4377589	RECOG_RESP	n/a	LTP118	ltpFR	4	11	1	VALVE	1546	n/a	0	n/a	n/a	n/a	n/a	n/a
4378432	RECOG_CONF	n/a	LTP118	ltpFR	4	11	1	VALVE	1546	5	0	n/a	n/a	n/a	n/a	n/a
4379971	RECOG_TARGET	n/a	LTP118	ltpFR	4	11	1	CHAUFFEUR	283	4	1	n/a	n/a	n/a	n/a	n/a
4380497	RECOG_RESP	n/a	LTP118	ltpFR	4	11	1	CHAUFFEUR	283	n/a	1	n/a	n/a	n/a	n/a	n/a
4381086	RECOG_CONF	n/a	LTP118	ltpFR	4	11	1	CHAUFFEUR	283	4	1	n/a	n/a	n/a	n/a	n/a
4382436	RECOG_TARGET	n/a	LTP118	ltpFR	4	11	-1	OCTOPUS	971	3	-1	n/a	n/a	n/a	n/a	n/a
4382867	RECOG_RESP	n/a	LTP118	ltpFR	4	11	-1	OCTOPUS	971	n/a	-1	n/a	n/a	n/a	n/a	n/a
4383471	RECOG_CONF	n/a	LTP118	ltpFR	4	11	-1	OCTOPUS	971	3	-1	n/a	n/a	n/a	n/a	n/a
4384835	RECOG_LURE	n/a	LTP118	ltpFR	4	11	n/a	PURSE	1145	3	n/a	n/a	n/a	n/a	n/a	n/a
4385531	RECOG_RESP	n/a	LTP118	ltpFR	4	11	n/a	PURSE	1145	n/a	n/a	n/a	n/a	n/a	n/a	n/a
4386085	RECOG_CONF	n/a	LTP118	ltpFR	4	11	n/a	PURSE	1145	3	n/a	n/a	n/a	n/a	n/a	n/a
4387485	RECOG_LURE	n/a	LTP118	ltpFR	4	11	n/a	SERGEANT	1269	3	n/a	n/a	n/a	n/a	n/a	n/a
4387900	RECOG_RESP	n/a	LTP118	ltpFR	4	11	n/a	SERGEANT	1269	n/a	n/a	n/a	n/a	n/a	n/a	n/a
4388509	RECOG_CONF	n/a	LTP118	ltpFR	4	11	n/a	SERGEANT	1269	3	n/a	n/a	n/a	n/a	n/a	n/a
4389834	RECOG_TARGET	n/a	LTP118	ltpFR	4	11	1	FRECKLE	602	5	0	n/a	n/a	n/a	n/a	n/a
4390405	RECOG_RESP	n/a	LTP118	ltpFR	4	11	1	FRECKLE	602	n/a	0	n/a	n/a	n/a	n/a	n/a
4390954	RECOG_CONF	n/a	LTP118	ltpFR	4	11	1	FRECKLE	602	5	0	n/a	n/a	n/a	n/a	n/a
4392391	RECOG_LURE	n/a	LTP118	ltpFR	4	11	n/a	PIZZA	1079	3	n/a	n/a	n/a	n/a	n/a	n/a
4392829	RECOG_RESP	n/a	LTP118	ltpFR	4	11	n/a	PIZZA	1079	n/a	n/a	n/a	n/a	n/a	n/a	n/a
4393448	RECOG_CONF	n/a	LTP118	ltpFR	4	11	n/a	PIZZA	1079	3	n/a	n/a	n/a	n/a	n/a	n/a
4394973	RECOG_TARGET	n/a	LTP118	ltpFR	4	11	1	ATTORNEY	58	5	1	n/a	n/a	n/a	n/a	n/a
4395613	RECOG_RESP	n/a	LTP118	ltpFR	4	11	1	ATTORNEY	58	n/a	1	n/a	n/a	n/a	n/a	n/a
4396311	RECOG_CONF	n/a	LTP118	ltpFR	4	11	1	ATTORNEY	58	5	1	n/a	n/a	n/a	n/a	n/a
4426328	REC_START	n/a	LTP118	ltpFR	4	12	n/a	n/a	n/a	n/a	n/a	n/a	n/a	n/a	n/a	n/a
4426362	RECOG_TARGET	n/a	LTP118	ltpFR	4	12	0	GAZELLE	628	3	1	n/a	n/a	n/a	n/a	n/a
4426981	RECOG_RESP	n/a	LTP118	ltpFR	4	12	0	GAZELLE	628	n/a	1	n/a	n/a	n/a	n/a	n/a
4427650	RECOG_CONF	n/a	LTP118	ltpFR	4	12	0	GAZELLE	628	3	1	n/a	n/a	n/a	n/a	n/a
4428978	RECOG_TARGET	n/a	LTP118	ltpFR	4	12	0	ENGINE	535	4	1	n/a	n/a	n/a	n/a	n/a
4429476	RECOG_RESP	n/a	LTP118	ltpFR	4	12	0	ENGINE	535	n/a	1	n/a	n/a	n/a	n/a	n/a
4430144	RECOG_CONF	n/a	LTP118	ltpFR	4	12	0	ENGINE	535	4	1	n/a	n/a	n/a	n/a	n/a
4431570	RECOG_LURE	n/a	LTP118	ltpFR	4	12	n/a	HANDBAG	684	3	n/a	n/a	n/a	n/a	n/a	n/a
4432239	RECOG_RESP	n/a	LTP118	ltpFR	4	12	n/a	HANDBAG	684	n/a	n/a	n/a	n/a	n/a	n/a	n/a
4432838	RECOG_CONF	n/a	LTP118	ltpFR	4	12	n/a	HANDBAG	684	3	n/a	n/a	n/a	n/a	n/a	n/a
4434185	RECOG_TARGET	n/a	LTP118	ltpFR	4	12	0	CORK	380	5	0	n/a	n/a	n/a	n/a	n/a
4434799	RECOG_RESP	n/a	LTP118	ltpFR	4	12	0	CORK	380	n/a	0	n/a	n/a	n/a	n/a	n/a
4435292	RECOG_CONF	n/a	LTP118	ltpFR	4	12	0	CORK	380	5	0	n/a	n/a	n/a	n/a	n/a
4436568	RECOG_TARGET	n/a	LTP118	ltpFR	4	12	1	CASHIER	254	5	1	n/a	n/a	n/a	n/a	n/a
4437128	RECOG_RESP	n/a	LTP118	ltpFR	4	12	1	CASHIER	254	n/a	1	n/a	n/a	n/a	n/a	n/a
4437647	RECOG_CONF	n/a	LTP118	ltpFR	4	12	1	CASHIER	254	5	1	n/a	n/a	n/a	n/a	n/a
4439091	RECOG_LURE	n/a	LTP118	ltpFR	4	12	n/a	COMEDIAN	352	3	n/a	n/a	n/a	n/a	n/a	n/a
4439752	RECOG_RESP	n/a	LTP118	ltpFR	4	12	n/a	COMEDIAN	352	n/a	n/a	n/a	n/a	n/a	n/a	n/a
4440580	RECOG_CONF	n/a	LTP118	ltpFR	4	12	n/a	COMEDIAN	352	3	n/a	n/a	n/a	n/a	n/a	n/a
4441990	RECOG_LURE	n/a	LTP118	ltpFR	4	12	n/a	RECORD	1176	3	n/a	n/a	n/a	n/a	n/a	n/a
4443150	RECOG_RESP	n/a	LTP118	ltpFR	4	12	n/a	RECORD	1176	n/a	n/a	n/a	n/a	n/a	n/a	n/a
4443843	RECOG_CONF	n/a	LTP118	ltpFR	4	12	n/a	RECORD	1176	3	n/a	n/a	n/a	n/a	n/a	n/a
4445206	RECOG_TARGET	n/a	LTP118	ltpFR	4	12	-1	KITTEN	780	2	-1	n/a	n/a	n/a	n/a	n/a
4445754	RECOG_RESP	n/a	LTP118	ltpFR	4	12	-1	KITTEN	780	n/a	-1	n/a	n/a	n/a	n/a	n/a
4446417	RECOG_CONF	n/a	LTP118	ltpFR	4	12	-1	KITTEN	780	2	-1	n/a	n/a	n/a	n/a	n/a
4447821	RECOG_TARGET	n/a	LTP118	ltpFR	4	12	0	BELLY	119	5	1	n/a	n/a	n/a	n/a	n/a
4448423	RECOG_RESP	n/a	LTP118	ltpFR	4	12	0	BELLY	119	n/a	1	n/a	n/a	n/a	n/a	n/a
4449001	RECOG_CONF	n/a	LTP118	ltpFR	4	12	0	BELLY	119	5	1	n/a	n/a	n/a	n/a	n/a
4450329	RECOG_LURE	n/a	LTP118	ltpFR	4	12	n/a	GUN	673	3	n/a	n/a	n/a	n/a	n/a	n/a
4451032	RECOG_RESP	n/a	LTP118	ltpFR	4	12	n/a	GUN	673	n/a	n/a	n/a	n/a	n/a	n/a	n/a
4451695	RECOG_CONF	n/a	LTP118	ltpFR	4	12	n/a	GUN	673	3	n/a	n/a	n/a	n/a	n/a	n/a
4453103	RECOG_TARGET	n/a	LTP118	ltpFR	4	12	-1	RACCOON	1153	5	-1	n/a	n/a	n/a	n/a	n/a
4453691	RECOG_RESP	n/a	LTP118	ltpFR	4	12	-1	RACCOON	1153	n/a	-1	n/a	n/a	n/a	n/a	n/a
4454429	RECOG_CONF	n/a	LTP118	ltpFR	4	12	-1	RACCOON	1153	5	-1	n/a	n/a	n/a	n/a	n/a
4455869	RECOG_LURE	n/a	LTP118	ltpFR	4	12	n/a	SOAP	1337	3	n/a	n/a	n/a	n/a	n/a	n/a
4456479	RECOG_RESP	n/a	LTP118	ltpFR	4	12	n/a	SOAP	1337	n/a	n/a	n/a	n/a	n/a	n/a	n/a
4457382	RECOG_CONF	n/a	LTP118	ltpFR	4	12	n/a	SOAP	1337	3	n/a	n/a	n/a	n/a	n/a	n/a
4458776	RECOG_TARGET	n/a	LTP118	ltpFR	4	12	1	TICKET	1464	3	0	n/a	n/a	n/a	n/a	n/a
4459497	RECOG_RESP	n/a	LTP118	ltpFR	4	12	1	TICKET	1464	n/a	0	n/a	n/a	n/a	n/a	n/a
4460256	RECOG_CONF	n/a	LTP118	ltpFR	4	12	1	TICKET	1464	3	0	n/a	n/a	n/a	n/a	n/a
4461634	RECOG_TARGET	n/a	LTP118	ltpFR	4	12	0	SEAGULL	1261	3	1	n/a	n/a	n/a	n/a	n/a
4462206	RECOG_RESP	n/a	LTP118	ltpFR	4	12	0	SEAGULL	1261	n/a	1	n/a	n/a	n/a	n/a	n/a
4462970	RECOG_CONF	n/a	LTP118	ltpFR	4	12	0	SEAGULL	1261	3	1	n/a	n/a	n/a	n/a	n/a
4464467	RECOG_TARGET	n/a	LTP118	ltpFR	4	12	0	BALLERINA	74	5	1	n/a	n/a	n/a	n/a	n/a
4465090	RECOG_RESP	n/a	LTP118	ltpFR	4	12	0	BALLERINA	74	n/a	1	n/a	n/a	n/a	n/a	n/a
4465743	RECOG_CONF	n/a	LTP118	ltpFR	4	12	0	BALLERINA	74	5	1	n/a	n/a	n/a	n/a	n/a
4467081	RECOG_LURE	n/a	LTP118	ltpFR	4	12	n/a	DOUGH	489	3	n/a	n/a	n/a	n/a	n/a	n/a
4467719	RECOG_RESP	n/a	LTP118	ltpFR	4	12	n/a	DOUGH	489	n/a	n/a	n/a	n/a	n/a	n/a	n/a
4468367	RECOG_CONF	n/a	LTP118	ltpFR	4	12	n/a	DOUGH	489	3	n/a	n/a	n/a	n/a	n/a	n/a
4469714	RECOG_LURE	n/a	LTP118	ltpFR	4	12	n/a	DESIGNER	451	3	n/a	n/a	n/a	n/a	n/a	n/a
4470717	RECOG_RESP	n/a	LTP118	ltpFR	4	12	n/a	DESIGNER	451	n/a	n/a	n/a	n/a	n/a	n/a	n/a
4471510	RECOG_CONF	n/a	LTP118	ltpFR	4	12	n/a	DESIGNER	451	3	n/a	n/a	n/a	n/a	n/a	n/a
4472804	RECOG_LURE	n/a	LTP118	ltpFR	4	12	n/a	IRON	744	4	n/a	n/a	n/a	n/a	n/a	n/a
4473456	RECOG_RESP	n/a	LTP118	ltpFR	4	12	n/a	IRON	744	n/a	n/a	n/a	n/a	n/a	n/a	n/a
4474384	RECOG_CONF	n/a	LTP118	ltpFR	4	12	n/a	IRON	744	4	n/a	n/a	n/a	n/a	n/a	n/a
4475638	RECOG_TARGET	n/a	LTP118	ltpFR	4	12	-1	BEVERAGE	123	5	-1	n/a	n/a	n/a	n/a	n/a
4476244	RECOG_RESP	n/a	LTP118	ltpFR	4	12	-1	BEVERAGE	123	n/a	-1	n/a	n/a	n/a	n/a	n/a
4476908	RECOG_CONF	n/a	LTP118	ltpFR	4	12	-1	BEVERAGE	123	5	-1	n/a	n/a	n/a	n/a	n/a
4478361	RECOG_TARGET	n/a	LTP118	ltpFR	4	12	1	SPATULA	1348	3	0	n/a	n/a	n/a	n/a	n/a
4478943	RECOG_RESP	n/a	LTP118	ltpFR	4	12	1	SPATULA	1348	n/a	0	n/a	n/a	n/a	n/a	n/a
4479692	RECOG_CONF	n/a	LTP118	ltpFR	4	12	1	SPATULA	1348	3	0	n/a	n/a	n/a	n/a	n/a
4513124	REC_START	n/a	LTP118	ltpFR	4	13	n/a	n/a	n/a	n/a	n/a	n/a	n/a	n/a	n/a	n/a
4513157	RECOG_LURE	n/a	LTP118	ltpFR	4	13	n/a	YOLK	1633	3	n/a	n/a	n/a	n/a	n/a	n/a
4513867	RECOG_RESP	n/a	LTP118	ltpFR	4	13	n/a	YOLK	1633	n/a	n/a	n/a	n/a	n/a	n/a	n/a
4514566	RECOG_CONF	n/a	LTP118	ltpFR	4	13	n/a	YOLK	1633	3	n/a	n/a	n/a	n/a	n/a	n/a
4515897	RECOG_TARGET	n/a	LTP118	ltpFR	4	13	1	PICNIC	1060	4	0	n/a	n/a	n/a	n/a	n/a
4516501	RECOG_RESP_VV	n/a	LTP118	ltpFR	4	13	1	PICNIC	1060	n/a	0	n/a	n/a	n/a	n/a	n/a
4517180	RECOG_RESP	n/a	LTP118	ltpFR	4	13	1	PICNIC	1060	n/a	0	n/a	n/a	n/a	n/a	n/a
4517868	RECOG_CONF	n/a	LTP118	ltpFR	4	13	1	PICNIC	1060	4	0	n/a	n/a	n/a	n/a	n/a
4519288	RECOG_TARGET	n/a	LTP118	ltpFR	4	13	0	HEAD	695	3	1	n/a	n/a	n/a	n/a	n/a
4519809	RECOG_RESP	n/a	LTP118	ltpFR	4	13	0	HEAD	695	n/a	1	n/a	n/a	n/a	n/a	n/a
4520452	RECOG_CONF	n/a	LTP118	ltpFR	4	13	0	HEAD	695	3	1	n/a	n/a	n/a	n/a	n/a
4521737	RECOG_TARGET	n/a	LTP118	ltpFR	4	13	1	NEEDLE	941	2	0	n/a	n/a	n/a	n/a	n/a
4522248	RECOG_RESP	n/a	LTP118	ltpFR	4	13	1	NEEDLE	941	n/a	0	n/a	n/a	n/a	n/a	n/a
4522897	RECOG_CONF	n/a	LTP118	ltpFR	4	13	1	NEEDLE	941	2	0	n/a	n/a	n/a	n/a	n/a
4524269	RECOG_LURE	n/a	LTP118	ltpFR	4	13	n/a	TEMPLE	1448	3	n/a	n/a	n/a	n/a	n/a	n/a
4524927	RECOG_RESP	n/a	LTP118	ltpFR	4	13	n/a	TEMPLE	1448	n/a	n/a	n/a	n/a	n/a	n/a	n/a
4525511	RECOG_CONF	n/a	LTP118	ltpFR	4	13	n/a	TEMPLE	1448	3	n/a	n/a	n/a	n/a	n/a	n/a
4526918	RECOG_LURE	n/a	LTP118	ltpFR	4	13	n/a	THREAD	1460	1	n/a	n/a	n/a	n/a	n/a	n/a
4527476	RECOG_RESP	n/a	LTP118	ltpFR	4	13	n/a	THREAD	1460	n/a	n/a	n/a	n/a	n/a	n/a	n/a
4528055	RECOG_CONF	n/a	LTP118	ltpFR	4	13	n/a	THREAD	1460	1	n/a	n/a	n/a	n/a	n/a	n/a
4529409	RECOG_TARGET	n/a	LTP118	ltpFR	4	13	1	RASPBERRY	1168	1	1	n/a	n/a	n/a	n/a	n/a
4530025	RECOG_RESP	n/a	LTP118	ltpFR	4	13	1	RASPBERRY	1168	n/a	1	n/a	n/a	n/a	n/a	n/a
4530759	RECOG_CONF	n/a	LTP118	ltpFR	4	13	1	RASPBERRY	1168	1	1	n/a	n/a	n/a	n/a	n/a
4532100	RECOG_LURE	n/a	LTP118	ltpFR	4	13	n/a	SHRIMP	1297	3	n/a	n/a	n/a	n/a	n/a	n/a
4532739	RECOG_RESP	n/a	LTP118	ltpFR	4	13	n/a	SHRIMP	1297	n/a	n/a	n/a	n/a	n/a	n/a	n/a
4533413	RECOG_CONF	n/a	LTP118	ltpFR	4	13	n/a	SHRIMP	1297	3	n/a	n/a	n/a	n/a	n/a	n/a
4534658	RECOG_TARGET	n/a	LTP118	ltpFR	4	13	1	WITCH	1617	5	0	n/a	n/a	n/a	n/a	n/a
4535209	RECOG_RESP	n/a	LTP118	ltpFR	4	13	1	WITCH	1617	n/a	0	n/a	n/a	n/a	n/a	n/a
4535787	RECOG_CONF	n/a	LTP118	ltpFR	4	13	1	WITCH	1617	5	0	n/a	n/a	n/a	n/a	n/a
4537156	RECOG_LURE	n/a	LTP118	ltpFR	4	13	n/a	CLOWN	330	3	n/a	n/a	n/a	n/a	n/a	n/a
4537698	RECOG_RESP	n/a	LTP118	ltpFR	4	13	n/a	CLOWN	330	n/a	n/a	n/a	n/a	n/a	n/a	n/a
4538461	RECOG_CONF	n/a	LTP118	ltpFR	4	13	n/a	CLOWN	330	3	n/a	n/a	n/a	n/a	n/a	n/a
4539764	RECOG_TARGET	n/a	LTP118	ltpFR	4	13	1	SINK	1309	4	0	n/a	n/a	n/a	n/a	n/a
4540312	RECOG_RESP	n/a	LTP118	ltpFR	4	13	1	SINK	1309	n/a	0	n/a	n/a	n/a	n/a	n/a
4540866	RECOG_CONF	n/a	LTP118	ltpFR	4	13	1	SINK	1309	4	0	n/a	n/a	n/a	n/a	n/a
4542188	RECOG_TARGET	n/a	LTP118	ltpFR	4	13	-1	SCROLL	1257	5	-1	n/a	n/a	n/a	n/a	n/a
4542717	RECOG_RESP	n/a	LTP118	ltpFR	4	13	-1	SCROLL	1257	n/a	-1	n/a	n/a	n/a	n/a	n/a
4543280	RECOG_CONF	n/a	LTP118	ltpFR	4	13	-1	SCROLL	1257	5	-1	n/a	n/a	n/a	n/a	n/a
4544671	RECOG_TARGET	n/a	LTP118	ltpFR	4	13	0	DINNER	468	3	1	n/a	n/a	n/a	n/a	n/a
4545116	RECOG_RESP	n/a	LTP118	ltpFR	4	13	0	DINNER	468	n/a	1	n/a	n/a	n/a	n/a	n/a
4545695	RECOG_CONF	n/a	LTP118	ltpFR	4	13	0	DINNER	468	3	1	n/a	n/a	n/a	n/a	n/a
4547103	RECOG_TARGET	n/a	LTP118	ltpFR	4	13	1	MOTH	920	2	1	n/a	n/a	n/a	n/a	n/a
4547640	RECOG_RESP	n/a	LTP118	ltpFR	4	13	1	MOTH	920	n/a	1	n/a	n/a	n/a	n/a	n/a
4548379	RECOG_CONF	n/a	LTP118	ltpFR	4	13	1	MOTH	920	2	1	n/a	n/a	n/a	n/a	n/a
4549794	RECOG_TARGET	n/a	LTP118	ltpFR	4	13	1	TACK	1428	1	0	n/a	n/a	n/a	n/a	n/a
4550264	RECOG_RESP	n/a	LTP118	ltpFR	4	13	1	TACK	1428	n/a	0	n/a	n/a	n/a	n/a	n/a
4550853	RECOG_CONF	n/a	LTP118	ltpFR	4	13	1	TACK	1428	1	0	n/a	n/a	n/a	n/a	n/a
4552293	RECOG_TARGET	n/a	LTP118	ltpFR	4	13	1	HAT	690	5	0	n/a	n/a	n/a	n/a	n/a
4552839	RECOG_RESP	n/a	LTP118	ltpFR	4	13	1	HAT	690	n/a	0	n/a	n/a	n/a	n/a	n/a
4553377	RECOG_CONF	n/a	LTP118	ltpFR	4	13	1	HAT	690	5	0	n/a	n/a	n/a	n/a	n/a
4554800	RECOG_TARGET	n/a	LTP118	ltpFR	4	13	0	ALLIGATOR	16	5	1	n/a	n/a	n/a	n/a	n/a
4555308	RECOG_RESP	n/a	LTP118	ltpFR	4	13	0	ALLIGATOR	16	n/a	1	n/a	n/a	n/a	n/a	n/a
4555852	RECOG_CONF	n/a	LTP118	ltpFR	4	13	0	ALLIGATOR	16	5	1	n/a	n/a	n/a	n/a	n/a
4557258	RECOG_TARGET	n/a	LTP118	ltpFR	4	13	1	VICTIM	1562	5	1	n/a	n/a	n/a	n/a	n/a
4557847	RECOG_RESP	n/a	LTP118	ltpFR	4	13	1	VICTIM	1562	n/a	1	n/a	n/a	n/a	n/a	n/a
4558376	RECOG_CONF	n/a	LTP118	ltpFR	4	13	1	VICTIM	1562	5	1	n/a	n/a	n/a	n/a	n/a
4559748	RECOG_LURE	n/a	LTP118	ltpFR	4	13	n/a	DIPLOMA	470	3	n/a	n/a	n/a	n/a	n/a	n/a
4560152	RECOG_RESP	n/a	LTP118	ltpFR	4	13	n/a	DIPLOMA	470	n/a	n/a	n/a	n/a	n/a	n/a	n/a
4560761	RECOG_CONF	n/a	LTP118	ltpFR	4	13	n/a	DIPLOMA	470	3	n/a	n/a	n/a	n/a	n/a	n/a
4562156	RECOG_TARGET	n/a	LTP118	ltpFR	4	13	0	GRAVE	658	5	0	n/a	n/a	n/a	n/a	n/a
4562611	RECOG_RESP	n/a	LTP118	ltpFR	4	13	0	GRAVE	658	n/a	0	n/a	n/a	n/a	n/a	n/a
4563145	RECOG_CONF	n/a	LTP118	ltpFR	4	13	0	GRAVE	658	5	0	n/a	n/a	n/a	n/a	n/a
4577959	REC_START	n/a	LTP118	ltpFR	4	14	n/a	n/a	n/a	n/a	n/a	n/a	n/a	n/a	n/a	n/a
4577992	RECOG_TARGET	n/a	LTP118	ltpFR	4	14	-1	WATERFALL	1595	3	-1	n/a	n/a	n/a	n/a	n/a
4578677	RECOG_RESP	n/a	LTP118	ltpFR	4	14	-1	WATERFALL	1595	n/a	-1	n/a	n/a	n/a	n/a	n/a
4579411	RECOG_CONF	n/a	LTP118	ltpFR	4	14	-1	WATERFALL	1595	3	-1	n/a	n/a	n/a	n/a	n/a
4580683	RECOG_TARGET	n/a	LTP118	ltpFR	4	14	0	NERVE	944	4	0	n/a	n/a	n/a	n/a	n/a
4581216	RECOG_RESP	n/a	LTP118	ltpFR	4	14	0	NERVE	944	n/a	0	n/a	n/a	n/a	n/a	n/a
4581795	RECOG_CONF	n/a	LTP118	ltpFR	4	14	0	NERVE	944	4	0	n/a	n/a	n/a	n/a	n/a
4583123	RECOG_TARGET	n/a	LTP118	ltpFR	4	14	-1	CONCRETE	361	3	-1	n/a	n/a	n/a	n/a	n/a
4583471	RECOG_RESP	n/a	LTP118	ltpFR	4	14	-1	CONCRETE	361	n/a	-1	n/a	n/a	n/a	n/a	n/a
4584060	RECOG_CONF	n/a	LTP118	ltpFR	4	14	-1	CONCRETE	361	3	-1	n/a	n/a	n/a	n/a	n/a
4585389	RECOG_TARGET	n/a	LTP118	ltpFR	4	14	1	PERSON	1052	4	1	n/a	n/a	n/a	n/a	n/a
4586190	RECOG_RESP	n/a	LTP118	ltpFR	4	14	1	PERSON	1052	n/a	1	n/a	n/a	n/a	n/a	n/a
4586674	RECOG_CONF	n/a	LTP118	ltpFR	4	14	1	PERSON	1052	4	1	n/a	n/a	n/a	n/a	n/a
4588138	RECOG_TARGET	n/a	LTP118	ltpFR	4	14	1	FRUIT	610	5	1	n/a	n/a	n/a	n/a	n/a
4588640	RECOG_RESP	n/a	LTP118	ltpFR	4	14	1	FRUIT	610	n/a	1	n/a	n/a	n/a	n/a	n/a
4589148	RECOG_CONF	n/a	LTP118	ltpFR	4	14	1	FRUIT	610	5	1	n/a	n/a	n/a	n/a	n/a
4590464	RECOG_TARGET	n/a	LTP118	ltpFR	4	14	0	CAVE	263	3	1	n/a	n/a	n/a	n/a	n/a
4590914	RECOG_RESP	n/a	LTP118	ltpFR	4	14	0	CAVE	263	n/a	1	n/a	n/a	n/a	n/a	n/a
4591503	RECOG_CONF	n/a	LTP118	ltpFR	4	14	0	CAVE	263	3	1	n/a	n/a	n/a	n/a	n/a
4592745	RECOG_TARGET	n/a	LTP118	ltpFR	4	14	1	PANTHER	1009	4	1	n/a	n/a	n/a	n/a	n/a
4593189	RECOG_RESP	n/a	LTP118	ltpFR	4	14	1	PANTHER	1009	n/a	1	n/a	n/a	n/a	n/a	n/a
4593698	RECOG_CONF	n/a	LTP118	ltpFR	4	14	1	PANTHER	1009	4	1	n/a	n/a	n/a	n/a	n/a
4595103	RECOG_TARGET	n/a	LTP118	ltpFR	4	14	1	ANCHOR	21	5	0	n/a	n/a	n/a	n/a	n/a
4595464	RECOG_RESP	n/a	LTP118	ltpFR	4	14	1	ANCHOR	21	n/a	0	n/a	n/a	n/a	n/a	n/a
4596013	RECOG_CONF	n/a	LTP118	ltpFR	4	14	1	ANCHOR	21	5	0	n/a	n/a	n/a	n/a	n/a
4597410	RECOG_LURE	n/a	LTP118	ltpFR	4	14	n/a	TELEVISION	1447	3	n/a	n/a	n/a	n/a	n/a	n/a
4598238	RECOG_RESP	n/a	LTP118	ltpFR	4	14	n/a	TELEVISION	1447	n/a	n/a	n/a	n/a	n/a	n/a	n/a
4598886	RECOG_CONF	n/a	LTP118	ltpFR	4	14	n/a	TELEVISION	1447	3	n/a	n/a	n/a	n/a	n/a	n/a
4600309	RECOG_TARGET	n/a	LTP118	ltpFR	4	14	-1	FLASK	576	5	-1	n/a	n/a	n/a	n/a	n/a
4600792	RECOG_RESP	n/a	LTP118	ltpFR	4	14	-1	FLASK	576	n/a	-1	n/a	n/a	n/a	n/a	n/a
4601251	RECOG_CONF	n/a	LTP118	ltpFR	4	14	-1	FLASK	576	5	-1	n/a	n/a	n/a	n/a	n/a
4602643	RECOG_LURE	n/a	LTP118	ltpFR	4	14	n/a	DRILL	497	3	n/a	n/a	n/a	n/a	n/a	n/a
4603157	RECOG_RESP	n/a	LTP118	ltpFR	4	14	n/a	DRILL	497	n/a	n/a	n/a	n/a	n/a	n/a	n/a
4603735	RECOG_CONF	n/a	LTP118	ltpFR	4	14	n/a	DRILL	497	3	n/a	n/a	n/a	n/a	n/a	n/a
4605107	RECOG_TARGET	n/a	LTP118	ltpFR	4	14	1	SUBURB	1399	4	0	n/a	n/a	n/a	n/a	n/a
4605641	RECOG_RESP	n/a	LTP118	ltpFR	4	14	1	SUBURB	1399	n/a	0	n/a	n/a	n/a	n/a	n/a
4606160	RECOG_CONF	n/a	LTP118	ltpFR	4	14	1	SUBURB	1399	4	0	n/a	n/a	n/a	n/a	n/a
4607499	RECOG_TARGET	n/a	LTP118	ltpFR	4	14	1	CAFE	216	5	0	n/a	n/a	n/a	n/a	n/a
4608020	RECOG_RESP	n/a	LTP118	ltpFR	4	14	1	CAFE	216	n/a	0	n/a	n/a	n/a	n/a	n/a
4608564	RECOG_CONF	n/a	LTP118	ltpFR	4	14	1	CAFE	216	5	0	n/a	n/a	n/a	n/a	n/a
4610072	RECOG_TARGET	n/a	LTP118	ltpFR	4	14	1	FRANCE	601	3	0	n/a	n/a	n/a	n/a	n/a
4610714	RECOG_RESP	n/a	LTP118	ltpFR	4	14	1	FRANCE	601	n/a	0	n/a	n/a	n/a	n/a	n/a
4611418	RECOG_CONF	n/a	LTP118	ltpFR	4	14	1	FRANCE	601	3	0	n/a	n/a	n/a	n/a	n/a
4612871	RECOG_LURE	n/a	LTP118	ltpFR	4	14	n/a	SARDINE	1235	3	n/a	n/a	n/a	n/a	n/a	n/a
4613523	RECOG_RESP	n/a	LTP118	ltpFR	4	14	n/a	SARDINE	1235	n/a	n/a	n/a	n/a	n/a	n/a	n/a
4614152	RECOG_CONF	n/a	LTP118	ltpFR	4	14	n/a	SARDINE	1235	3	n/a	n/a	n/a	n/a	n/a	n/a
4615555	RECOG_TARGET	n/a	LTP118	ltpFR	4	14	1	SIREN	1310	5	1	n/a	n/a	n/a	n/a	n/a
4616122	RECOG_RESP	n/a	LTP118	ltpFR	4	14	1	SIREN	1310	n/a	1	n/a	n/a	n/a	n/a	n/a
4616686	RECOG_CONF	n/a	LTP118	ltpFR	4	14	1	SIREN	1310	5	1	n/a	n/a	n/a	n/a	n/a
4618236	RECOG_TARGET	n/a	LTP118	ltpFR	4	14	0	BEAKER	104	5	1	n/a	n/a	n/a	n/a	n/a
4618906	RECOG_RESP	n/a	LTP118	ltpFR	4	14	0	BEAKER	104	n/a	1	n/a	n/a	n/a	n/a	n/a
4619579	RECOG_CONF	n/a	LTP118	ltpFR	4	14	0	BEAKER	104	5	1	n/a	n/a	n/a	n/a	n/a
4621060	RECOG_LURE	n/a	LTP118	ltpFR	4	14	n/a	BINDER	127	3	n/a	n/a	n/a	n/a	n/a	n/a
4621764	RECOG_RESP	n/a	LTP118	ltpFR	4	14	n/a	BINDER	127	n/a	n/a	n/a	n/a	n/a	n/a	n/a
4622393	RECOG_CONF	n/a	LTP118	ltpFR	4	14	n/a	BINDER	127	3	n/a	n/a	n/a	n/a	n/a	n/a
4623876	RECOG_TARGET	n/a	LTP118	ltpFR	4	14	0	PRESIDENT	1121	3	1	n/a	n/a	n/a	n/a	n/a
4624578	RECOG_RESP_VV	n/a	LTP118	ltpFR	4	14	0	PRESIDENT	1121	n/a	1	n/a	n/a	n/a	n/a	n/a
4625546	RECOG_RESP	n/a	LTP118	ltpFR	4	14	0	PRESIDENT	1121	n/a	1	n/a	n/a	n/a	n/a	n/a
4626484	RECOG_CONF	n/a	LTP118	ltpFR	4	14	0	PRESIDENT	1121	3	1	n/a	n/a	n/a	n/a	n/a
4627991	RECOG_TARGET	n/a	LTP118	ltpFR	4	14	-1	ZEBRA	1635	2	-1	n/a	n/a	n/a	n/a	n/a
4628664	RECOG_RESP	n/a	LTP118	ltpFR	4	14	-1	ZEBRA	1635	n/a	-1	n/a	n/a	n/a	n/a	n/a
4629447	RECOG_CONF	n/a	LTP118	ltpFR	4	14	-1	ZEBRA	1635	2	-1	n/a	n/a	n/a	n/a	n/a
4638266	REC_START	n/a	LTP118	ltpFR	4	15	n/a	n/a	n/a	n/a	n/a	n/a	n/a	n/a	n/a	n/a
4638304	RECOG_LURE	n/a	LTP118	ltpFR	4	15	n/a	BASKET	95	3	n/a	n/a	n/a	n/a	n/a	n/a
4638705	RECOG_RESP	n/a	LTP118	ltpFR	4	15	n/a	BASKET	95	n/a	n/a	n/a	n/a	n/a	n/a	n/a
4639298	RECOG_CONF	n/a	LTP118	ltpFR	4	15	n/a	BASKET	95	3	n/a	n/a	n/a	n/a	n/a	n/a
4640587	RECOG_LURE	n/a	LTP118	ltpFR	4	15	n/a	PEANUT	1032	3	n/a	n/a	n/a	n/a	n/a	n/a
4641084	RECOG_RESP	n/a	LTP118	ltpFR	4	15	n/a	PEANUT	1032	n/a	n/a	n/a	n/a	n/a	n/a	n/a
4641663	RECOG_CONF	n/a	LTP118	ltpFR	4	15	n/a	PEANUT	1032	3	n/a	n/a	n/a	n/a	n/a	n/a
4642969	RECOG_TARGET	n/a	LTP118	ltpFR	4	15	1	DRIVER	499	4	1	n/a	n/a	n/a	n/a	n/a
4643399	RECOG_RESP	n/a	LTP118	ltpFR	4	15	1	DRIVER	499	n/a	1	n/a	n/a	n/a	n/a	n/a
4643968	RECOG_CONF	n/a	LTP118	ltpFR	4	15	1	DRIVER	499	4	1	n/a	n/a	n/a	n/a	n/a
4645335	RECOG_TARGET	n/a	LTP118	ltpFR	4	15	0	SPIDER	1351	5	0	n/a	n/a	n/a	n/a	n/a
4645824	RECOG_RESP	n/a	LTP118	ltpFR	4	15	0	SPIDER	1351	n/a	0	n/a	n/a	n/a	n/a	n/a
4646402	RECOG_CONF	n/a	LTP118	ltpFR	4	15	0	SPIDER	1351	5	0	n/a	n/a	n/a	n/a	n/a
4647726	RECOG_LURE	n/a	LTP118	ltpFR	4	15	n/a	JOINT	758	3	n/a	n/a	n/a	n/a	n/a	n/a
4648607	RECOG_RESP	n/a	LTP118	ltpFR	4	15	n/a	JOINT	758	n/a	n/a	n/a	n/a	n/a	n/a	n/a
4649226	RECOG_CONF	n/a	LTP118	ltpFR	4	15	n/a	JOINT	758	3	n/a	n/a	n/a	n/a	n/a	n/a
4650551	RECOG_TARGET	n/a	LTP118	ltpFR	4	15	0	STONE	1385	5	0	n/a	n/a	n/a	n/a	n/a
4650997	RECOG_RESP	n/a	LTP118	ltpFR	4	15	0	STONE	1385	n/a	0	n/a	n/a	n/a	n/a	n/a
4651531	RECOG_CONF	n/a	LTP118	ltpFR	4	15	0	STONE	1385	5	0	n/a	n/a	n/a	n/a	n/a
4652932	RECOG_TARGET	n/a	LTP118	ltpFR	4	15	0	BUGGY	188	3	0	n/a	n/a	n/a	n/a	n/a
4653461	RECOG_RESP	n/a	LTP118	ltpFR	4	15	0	BUGGY	188	n/a	0	n/a	n/a	n/a	n/a	n/a
4654025	RECOG_CONF	n/a	LTP118	ltpFR	4	15	0	BUGGY	188	3	0	n/a	n/a	n/a	n/a	n/a
4655389	RECOG_TARGET	n/a	LTP118	ltpFR	4	15	0	CAP	236	2	0	n/a	n/a	n/a	n/a	n/a
4655971	RECOG_RESP	n/a	LTP118	ltpFR	4	15	0	CAP	236	n/a	0	n/a	n/a	n/a	n/a	n/a
4656559	RECOG_CONF	n/a	LTP118	ltpFR	4	15	0	CAP	236	2	0	n/a	n/a	n/a	n/a	n/a
4657914	RECOG_LURE	n/a	LTP118	ltpFR	4	15	n/a	FLANNEL	574	1	n/a	n/a	n/a	n/a	n/a	n/a
4658465	RECOG_RESP	n/a	LTP118	ltpFR	4	15	n/a	FLANNEL	574	n/a	n/a	n/a	n/a	n/a	n/a	n/a
4659233	RECOG_CONF	n/a	LTP118	ltpFR	4	15	n/a	FLANNEL	574	1	n/a	n/a	n/a	n/a	n/a	n/a
4660589	RECOG_LURE	n/a	LTP118	ltpFR	4	15	n/a	GARBAGE	622	3	n/a	n/a	n/a	n/a	n/a	n/a
4661653	RECOG_RESP	n/a	LTP118	ltpFR	4	15	n/a	GARBAGE	622	n/a	n/a	n/a	n/a	n/a	n/a	n/a
4662196	RECOG_CONF	n/a	LTP118	ltpFR	4	15	n/a	GARBAGE	622	3	n/a	n/a	n/a	n/a	n/a	n/a
4663571	RECOG_TARGET	n/a	LTP118	ltpFR	4	15	-1	SPINE	1353	5	-1	n/a	n/a	n/a	n/a	n/a
4664167	RECOG_RESP	n/a	LTP118	ltpFR	4	15	-1	SPINE	1353	n/a	-1	n/a	n/a	n/a	n/a	n/a
4664731	RECOG_CONF	n/a	LTP118	ltpFR	4	15	-1	SPINE	1353	5	-1	n/a	n/a	n/a	n/a	n/a
4666094	RECOG_TARGET	n/a	LTP118	ltpFR	4	15	0	GUARDIAN	668	4	1	n/a	n/a	n/a	n/a	n/a
4666641	RECOG_RESP	n/a	LTP118	ltpFR	4	15	0	GUARDIAN	668	n/a	1	n/a	n/a	n/a	n/a	n/a
4667195	RECOG_CONF	n/a	LTP118	ltpFR	4	15	0	GUARDIAN	668	4	1	n/a	n/a	n/a	n/a	n/a
4668594	RECOG_LURE	n/a	LTP118	ltpFR	4	15	n/a	WEED	1599	3	n/a	n/a	n/a	n/a	n/a	n/a
4669240	RECOG_RESP	n/a	LTP118	ltpFR	4	15	n/a	WEED	1599	n/a	n/a	n/a	n/a	n/a	n/a	n/a
4669849	RECOG_CONF	n/a	LTP118	ltpFR	4	15	n/a	WEED	1599	3	n/a	n/a	n/a	n/a	n/a	n/a
4671284	RECOG_TARGET	n/a	LTP118	ltpFR	4	15	1	PAINTING	1005	2	0	n/a	n/a	n/a	n/a	n/a
4672054	RECOG_RESP	n/a	LTP118	ltpFR	4	15	1	PAINTING	1005	n/a	0	n/a	n/a	n/a	n/a	n/a
4672663	RECOG_CONF	n/a	LTP118	ltpFR	4	15	1	PAINTING	1005	2	0	n/a	n/a	n/a	n/a	n/a
4674083	RECOG_LURE	n/a	LTP118	ltpFR	4	15	n/a	BEAN	105	3	n/a	n/a	n/a	n/a	n/a	n/a
4674623	RECOG_RESP	n/a	LTP118	ltpFR	4	15	n/a	BEAN	105	n/a	n/a	n/a	n/a	n/a	n/a	n/a
4675277	RECOG_CONF	n/a	LTP118	ltpFR	4	15	n/a	BEAN	105	3	n/a	n/a	n/a	n/a	n/a	n/a
4676682	RECOG_TARGET	n/a	LTP118	ltpFR	4	15	1	SENATE	1267	5	1	n/a	n/a	n/a	n/a	n/a
4677257	RECOG_RESP	n/a	LTP118	ltpFR	4	15	1	SENATE	1267	n/a	1	n/a	n/a	n/a	n/a	n/a
4677941	RECOG_CONF	n/a	LTP118	ltpFR	4	15	1	SENATE	1267	5	1	n/a	n/a	n/a	n/a	n/a
4679381	RECOG_TARGET	n/a	LTP118	ltpFR	4	15	1	FOUNTAIN	597	3	0	n/a	n/a	n/a	n/a	n/a
4680046	RECOG_RESP	n/a	LTP118	ltpFR	4	15	1	FOUNTAIN	597	n/a	0	n/a	n/a	n/a	n/a	n/a
4680864	RECOG_CONF	n/a	LTP118	ltpFR	4	15	1	FOUNTAIN	597	3	0	n/a	n/a	n/a	n/a	n/a
4682363	RECOG_LURE	n/a	LTP118	ltpFR	4	15	n/a	HORIZON	717	2	n/a	n/a	n/a	n/a	n/a	n/a
4682750	RECOG_RESP	n/a	LTP118	ltpFR	4	15	n/a	HORIZON	717	n/a	n/a	n/a	n/a	n/a	n/a	n/a
4683568	RECOG_CONF	n/a	LTP118	ltpFR	4	15	n/a	HORIZON	717	2	n/a	n/a	n/a	n/a	n/a	n/a
4684879	RECOG_LURE	n/a	LTP118	ltpFR	4	15	n/a	SWAN	1417	3	n/a	n/a	n/a	n/a	n/a	n/a
4685553	RECOG_RESP	n/a	LTP118	ltpFR	4	15	n/a	SWAN	1417	n/a	n/a	n/a	n/a	n/a	n/a	n/a
4686162	RECOG_CONF	n/a	LTP118	ltpFR	4	15	n/a	SWAN	1417	3	n/a	n/a	n/a	n/a	n/a	n/a
4687453	RECOG_LURE	n/a	LTP118	ltpFR	4	15	n/a	WRIST	1626	4	n/a	n/a	n/a	n/a	n/a	n/a
4688048	RECOG_RESP	n/a	LTP118	ltpFR	4	15	n/a	WRIST	1626	n/a	n/a	n/a	n/a	n/a	n/a	n/a
4688656	RECOG_CONF	n/a	LTP118	ltpFR	4	15	n/a	WRIST	1626	4	n/a	n/a	n/a	n/a	n/a	n/a
4710013	REC_START	n/a	LTP118	ltpFR	4	16	n/a	n/a	n/a	n/a	n/a	n/a	n/a	n/a	n/a	n/a
4710045	RECOG_TARGET	n/a	LTP118	ltpFR	4	16	-1	TUBE	1516	4	-1	n/a	n/a	n/a	n/a	n/a
4710716	RECOG_RESP	n/a	LTP118	ltpFR	4	16	-1	TUBE	1516	n/a	-1	n/a	n/a	n/a	n/a	n/a
4711335	RECOG_CONF	n/a	LTP118	ltpFR	4	16	-1	TUBE	1516	4	-1	n/a	n/a	n/a	n/a	n/a
4712744	RECOG_TARGET	n/a	LTP118	ltpFR	4	16	0	JAW	751	3	0	n/a	n/a	n/a	n/a	n/a
4713310	RECOG_RESP	n/a	LTP118	ltpFR	4	16	0	JAW	751	n/a	0	n/a	n/a	n/a	n/a	n/a
4713899	RECOG_CONF	n/a	LTP118	ltpFR	4	16	0	JAW	751	3	0	n/a	n/a	n/a	n/a	n/a
4715185	RECOG_TARGET	n/a	LTP118	ltpFR	4	16	1	CRATER	400	3	0	n/a	n/a	n/a	n/a	n/a
4715830	RECOG_RESP	n/a	LTP118	ltpFR	4	16	1	CRATER	400	n/a	0	n/a	n/a	n/a	n/a	n/a
4716443	RECOG_CONF	n/a	LTP118	ltpFR	4	16	1	CRATER	400	3	0	n/a	n/a	n/a	n/a	n/a
4717759	RECOG_LURE	n/a	LTP118	ltpFR	4	16	n/a	SKELETON	1314	3	n/a	n/a	n/a	n/a	n/a	n/a
4718324	RECOG_RESP	n/a	LTP118	ltpFR	4	16	n/a	SKELETON	1314	n/a	n/a	n/a	n/a	n/a	n/a	n/a
4718908	RECOG_CONF	n/a	LTP118	ltpFR	4	16	n/a	SKELETON	1314	3	n/a	n/a	n/a	n/a	n/a	n/a
4720291	RECOG_TARGET	n/a	LTP118	ltpFR	4	16	-1	YARD	1630	5	-1	n/a	n/a	n/a	n/a	n/a
4720858	RECOG_RESP	n/a	LTP118	ltpFR	4	16	-1	YARD	1630	n/a	-1	n/a	n/a	n/a	n/a	n/a
4721402	RECOG_CONF	n/a	LTP118	ltpFR	4	16	-1	YARD	1630	5	-1	n/a	n/a	n/a	n/a	n/a
4722757	RECOG_TARGET	n/a	LTP118	ltpFR	4	16	1	FOREST	593	4	1	n/a	n/a	n/a	n/a	n/a
4723328	RECOG_RESP	n/a	LTP118	ltpFR	4	16	1	FOREST	593	n/a	1	n/a	n/a	n/a	n/a	n/a
4723906	RECOG_CONF	n/a	LTP118	ltpFR	4	16	1	FOREST	593	4	1	n/a	n/a	n/a	n/a	n/a
4725281	RECOG_TARGET	n/a	LTP118	ltpFR	4	16	-1	ROOST	1208	3	-1	n/a	n/a	n/a	n/a	n/a
4725857	RECOG_RESP	n/a	LTP118	ltpFR	4	16	-1	ROOST	1208	n/a	-1	n/a	n/a	n/a	n/a	n/a
4726450	RECOG_CONF	n/a	LTP118	ltpFR	4	16	-1	ROOST	1208	3	-1	n/a	n/a	n/a	n/a	n/a
4727714	RECOG_TARGET	n/a	LTP118	ltpFR	4	16	1	MARKER	870	2	0	n/a	n/a	n/a	n/a	n/a
4728271	RECOG_RESP	n/a	LTP118	ltpFR	4	16	1	MARKER	870	n/a	0	n/a	n/a	n/a	n/a	n/a
4728965	RECOG_CONF	n/a	LTP118	ltpFR	4	16	1	MARKER	870	2	0	n/a	n/a	n/a	n/a	n/a
4730321	RECOG_LURE	n/a	LTP118	ltpFR	4	16	n/a	SAGE	1222	3	n/a	n/a	n/a	n/a	n/a	n/a
4730766	RECOG_RESP_VV	n/a	LTP118	ltpFR	4	16	n/a	SAGE	1222	n/a	n/a	n/a	n/a	n/a	n/a	n/a
4731479	RECOG_RESP	n/a	LTP118	ltpFR	4	16	n/a	SAGE	1222	n/a	n/a	n/a	n/a	n/a	n/a	n/a
4732267	RECOG_CONF	n/a	LTP118	ltpFR	4	16	n/a	SAGE	1222	3	n/a	n/a	n/a	n/a	n/a	n/a
4733671	RECOG_TARGET	n/a	LTP118	ltpFR	4	16	0	HUSBAND	728	4	1	n/a	n/a	n/a	n/a	n/a
4734258	RECOG_RESP	n/a	LTP118	ltpFR	4	16	0	HUSBAND	728	n/a	1	n/a	n/a	n/a	n/a	n/a
4734801	RECOG_CONF	n/a	LTP118	ltpFR	4	16	0	HUSBAND	728	4	1	n/a	n/a	n/a	n/a	n/a
4736128	RECOG_TARGET	n/a	LTP118	ltpFR	4	16	-1	STRAW	1390	5	-1	n/a	n/a	n/a	n/a	n/a
4736572	RECOG_RESP	n/a	LTP118	ltpFR	4	16	-1	STRAW	1390	n/a	-1	n/a	n/a	n/a	n/a	n/a
4737086	RECOG_CONF	n/a	LTP118	ltpFR	4	16	-1	STRAW	1390	5	-1	n/a	n/a	n/a	n/a	n/a
4738478	RECOG_TARGET	n/a	LTP118	ltpFR	4	16	1	STAPLER	1372	3	0	n/a	n/a	n/a	n/a	n/a
4738967	RECOG_RESP	n/a	LTP118	ltpFR	4	16	1	STAPLER	1372	n/a	0	n/a	n/a	n/a	n/a	n/a
4740379	RECOG_CONF	n/a	LTP118	ltpFR	4	16	1	STAPLER	1372	3	0	n/a	n/a	n/a	n/a	n/a
4741784	RECOG_LURE	n/a	LTP118	ltpFR	4	16	n/a	TOMATO	1476	2	n/a	n/a	n/a	n/a	n/a	n/a
4742299	RECOG_RESP	n/a	LTP118	ltpFR	4	16	n/a	TOMATO	1476	n/a	n/a	n/a	n/a	n/a	n/a	n/a
4743282	RECOG_CONF	n/a	LTP118	ltpFR	4	16	n/a	TOMATO	1476	2	n/a	n/a	n/a	n/a	n/a	n/a
4744642	RECOG_LURE	n/a	LTP118	ltpFR	4	16	n/a	ANCESTOR	20	3	n/a	n/a	n/a	n/a	n/a	n/a
4745482	RECOG_RESP	n/a	LTP118	ltpFR	4	16	n/a	ANCESTOR	20	n/a	n/a	n/a	n/a	n/a	n/a	n/a
4746136	RECOG_CONF	n/a	LTP118	ltpFR	4	16	n/a	ANCESTOR	20	3	n/a	n/a	n/a	n/a	n/a	n/a
4747432	RECOG_LURE	n/a	LTP118	ltpFR	4	16	n/a	COURT	391	4	n/a	n/a	n/a	n/a	n/a	n/a
4748051	RECOG_RESP	n/a	LTP118	ltpFR	4	16	n/a	COURT	391	n/a	n/a	n/a	n/a	n/a	n/a	n/a
4748760	RECOG_CONF	n/a	LTP118	ltpFR	4	16	n/a	COURT	391	4	n/a	n/a	n/a	n/a	n/a	n/a
4750073	RECOG_LURE	n/a	LTP118	ltpFR	4	16	n/a	WHEEL	1603	1	n/a	n/a	n/a	n/a	n/a	n/a
4750670	RECOG_RESP	n/a	LTP118	ltpFR	4	16	n/a	WHEEL	1603	n/a	n/a	n/a	n/a	n/a	n/a	n/a
4751454	RECOG_CONF	n/a	LTP118	ltpFR	4	16	n/a	WHEEL	1603	1	n/a	n/a	n/a	n/a	n/a	n/a
4752797	RECOG_LURE	n/a	LTP118	ltpFR	4	16	n/a	RATTLE	1170	3	n/a	n/a	n/a	n/a	n/a	n/a
4753459	RECOG_RESP	n/a	LTP118	ltpFR	4	16	n/a	RATTLE	1170	n/a	n/a	n/a	n/a	n/a	n/a	n/a
4754068	RECOG_CONF	n/a	LTP118	ltpFR	4	16	n/a	RATTLE	1170	3	n/a	n/a	n/a	n/a	n/a	n/a
4755437	RECOG_TARGET	n/a	LTP118	ltpFR	4	16	0	KEG	770	5	1	n/a	n/a	n/a	n/a	n/a
4756033	RECOG_RESP	n/a	LTP118	ltpFR	4	16	0	KEG	770	n/a	1	n/a	n/a	n/a	n/a	n/a
4756632	RECOG_CONF	n/a	LTP118	ltpFR	4	16	0	KEG	770	5	1	n/a	n/a	n/a	n/a	n/a
4758011	RECOG_LURE	n/a	LTP118	ltpFR	4	16	n/a	CASKET	255	3	n/a	n/a	n/a	n/a	n/a	n/a
4758672	RECOG_RESP	n/a	LTP118	ltpFR	4	16	n/a	CASKET	255	n/a	n/a	n/a	n/a	n/a	n/a	n/a
4759296	RECOG_CONF	n/a	LTP118	ltpFR	4	16	n/a	CASKET	255	3	n/a	n/a	n/a	n/a	n/a	n/a
4760719	RECOG_TARGET	n/a	LTP118	ltpFR	4	16	-1	DIRT	472	1	-1	n/a	n/a	n/a	n/a	n/a
4761271	RECOG_RESP	n/a	LTP118	ltpFR	4	16	-1	DIRT	472	n/a	-1	n/a	n/a	n/a	n/a	n/a
4761920	RECOG_CONF	n/a	LTP118	ltpFR	4	16	-1	DIRT	472	1	-1	n/a	n/a	n/a	n/a	n/a
4765084	SESS_END	n/a	LTP118	ltpFR	4	16	n/a	n/a	n/a	n/a	n/a	n/a	n/a	n/a	n/a	n/a
