onset	duration	trial_type	sample	stim_file	subject	experiment	session	trial	task	item_name	item_num	recog_resp	recog_conf	resp	color_r	color_g	color_b	case	font
230.232	n/a	SESS_START	115116	n/a	LTP189	ltpFR	16	n/a	n/a	n/a	n/a	1	4	n/a	n/a	n/a	n/a	n/a	n/a
257.888	n/a	WORD	128944	wordpools/wasnorm_wordpool_less_exclusions.txt	LTP189	ltpFR	16	1	0	FOLDER	588	1	4	0	0.57763671875	0.412841796875	1	lower	zerothre.ttf
262.016	n/a	WORD	131008	wordpools/wasnorm_wordpool_less_exclusions.txt	LTP189	ltpFR	16	1	0	POLYESTER	1100	0	1	0	0.57763671875	0.412841796875	1	lower	zerothre.ttf
266.144	n/a	WORD	133072	wordpools/wasnorm_wordpool_less_exclusions.txt	LTP189	ltpFR	16	1	0	VICTOR	1563	0	n/a	0	0.57763671875	0.412841796875	1	lower	zerothre.ttf
270.238	n/a	WORD	135119	wordpools/wasnorm_wordpool_less_exclusions.txt	LTP189	ltpFR	16	1	0	CRYSTAL	418	n/a	n/a	0	0.57763671875	0.412841796875	1	lower	zerothre.ttf
274.066	n/a	WORD	137033	wordpools/wasnorm_wordpool_less_exclusions.txt	LTP189	ltpFR	16	1	1	HORIZON	717	n/a	n/a	0	0.422607421875	0.5869140625	0	upper	amplitud.ttf
278.11	n/a	WORD	139055	wordpools/wasnorm_wordpool_less_exclusions.txt	LTP189	ltpFR	16	1	1	SUN	1406	n/a	n/a	0	0.422607421875	0.5869140625	0	upper	amplitud.ttf
282.054	n/a	WORD	141027	wordpools/wasnorm_wordpool_less_exclusions.txt	LTP189	ltpFR	16	1	1	RANCH	1166	n/a	n/a	0	0.422607421875	0.5869140625	0	upper	amplitud.ttf
286.264	n/a	WORD	143132	wordpools/wasnorm_wordpool_less_exclusions.txt	LTP189	ltpFR	16	1	1	LINT	826	n/a	n/a	0	0.422607421875	0.5869140625	0	upper	amplitud.ttf
290.392	n/a	WORD	145196	wordpools/wasnorm_wordpool_less_exclusions.txt	LTP189	ltpFR	16	1	1	BANKER	84	n/a	n/a	1	0.422607421875	0.5869140625	0	upper	amplitud.ttf
294.352	n/a	WORD	147176	wordpools/wasnorm_wordpool_less_exclusions.txt	LTP189	ltpFR	16	1	1	SHORTS	1293	n/a	n/a	0	0.422607421875	0.5869140625	0	upper	amplitud.ttf
298.33	n/a	WORD	149165	wordpools/wasnorm_wordpool_less_exclusions.txt	LTP189	ltpFR	16	1	0	VEST	1559	n/a	n/a	0	0.57763671875	0.412841796875	1	lower	zerothre.ttf
302.306	n/a	WORD	151153	wordpools/wasnorm_wordpool_less_exclusions.txt	LTP189	ltpFR	16	1	0	MAT	877	n/a	n/a	0	0.57763671875	0.412841796875	1	lower	zerothre.ttf
306.334	n/a	WORD	153167	wordpools/wasnorm_wordpool_less_exclusions.txt	LTP189	ltpFR	16	1	1	SHELTER	1282	n/a	n/a	0	0.422607421875	0.5869140625	0	upper	amplitud.ttf
310.162	n/a	WORD	155081	wordpools/wasnorm_wordpool_less_exclusions.txt	LTP189	ltpFR	16	1	1	CATTLE	261	n/a	n/a	1	0.422607421875	0.5869140625	0	upper	amplitud.ttf
314.09	n/a	WORD	157045	wordpools/wasnorm_wordpool_less_exclusions.txt	LTP189	ltpFR	16	1	0	BAND	78	n/a	n/a	1	0.57763671875	0.412841796875	1	lower	zerothre.ttf
318.184	n/a	WORD	159092	wordpools/wasnorm_wordpool_less_exclusions.txt	LTP189	ltpFR	16	1	0	WINNER	1615	n/a	n/a	1	0.57763671875	0.412841796875	1	lower	zerothre.ttf
324.108	n/a	REC_START	162054	n/a	LTP189	ltpFR	16	1	n/a	n/a	n/a	n/a	n/a	n/a	n/a	n/a	n/a	n/a	n/a
325.082	n/a	REC_WORD	162541	wordpools/wasnorm_wordpool_less_exclusions.txt	LTP189	ltpFR	16	1	0	VICTOR	1563	n/a	n/a	0	n/a	n/a	n/a	n/a	n/a
325.71	n/a	REC_WORD	162855	wordpools/wasnorm_wordpool_less_exclusions.txt	LTP189	ltpFR	16	1	0	WINNER	1615	n/a	n/a	1	n/a	n/a	n/a	n/a	n/a
326.388	n/a	REC_WORD	163194	wordpools/wasnorm_wordpool_less_exclusions.txt	LTP189	ltpFR	16	1	0	POLYESTER	1100	n/a	n/a	0	n/a	n/a	n/a	n/a	n/a
327.282	n/a	REC_WORD	163641	wordpools/wasnorm_wordpool_less_exclusions.txt	LTP189	ltpFR	16	1	0	CRYSTAL	418	n/a	n/a	0	n/a	n/a	n/a	n/a	n/a
327.824	n/a	REC_WORD	163912	wordpools/wasnorm_wordpool_less_exclusions.txt	LTP189	ltpFR	16	1	0	FOLDER	588	n/a	n/a	0	n/a	n/a	n/a	n/a	n/a
328.768	n/a	REC_WORD	164384	wordpools/wasnorm_wordpool_less_exclusions.txt	LTP189	ltpFR	16	1	1	RANCH	1166	n/a	n/a	0	n/a	n/a	n/a	n/a	n/a
330.428	n/a	REC_WORD	165214	wordpools/wasnorm_wordpool_less_exclusions.txt	LTP189	ltpFR	16	1	n/a	COW	393	n/a	n/a	n/a	n/a	n/a	n/a	n/a	n/a
336.156	n/a	REC_WORD	168078	wordpools/wasnorm_wordpool_less_exclusions.txt	LTP189	ltpFR	16	1	1	CATTLE	261	n/a	n/a	1	n/a	n/a	n/a	n/a	n/a
338.182	n/a	REC_WORD	169091	wordpools/wasnorm_wordpool_less_exclusions.txt	LTP189	ltpFR	16	1	1	BANKER	84	n/a	n/a	1	n/a	n/a	n/a	n/a	n/a
338.71	n/a	REC_WORD	169355	wordpools/wasnorm_wordpool_less_exclusions.txt	LTP189	ltpFR	16	1	1	HORIZON	717	n/a	n/a	0	n/a	n/a	n/a	n/a	n/a
339.614	n/a	REC_WORD	169807	wordpools/wasnorm_wordpool_less_exclusions.txt	LTP189	ltpFR	16	1	1	SUN	1406	n/a	n/a	0	n/a	n/a	n/a	n/a	n/a
346.932	n/a	REC_WORD_VV	173466	wordpools/wasnorm_wordpool_less_exclusions.txt	LTP189	ltpFR	16	1	n/a	<>	-1	n/a	n/a	n/a	n/a	n/a	n/a	n/a	n/a
347.932	n/a	REC_WORD_VV	173966	wordpools/wasnorm_wordpool_less_exclusions.txt	LTP189	ltpFR	16	1	n/a	<>	-1	n/a	n/a	n/a	n/a	n/a	n/a	n/a	n/a
402.974	n/a	WORD	201487	wordpools/wasnorm_wordpool_less_exclusions.txt	LTP189	ltpFR	16	2	1	SISTER	1312	n/a	n/a	0	0.422607421875	0.5869140625	0	upper	amplitud.ttf
406.952	n/a	WORD	203476	wordpools/wasnorm_wordpool_less_exclusions.txt	LTP189	ltpFR	16	2	1	SAW	1239	n/a	n/a	0	0.422607421875	0.5869140625	0	upper	amplitud.ttf
411.062	n/a	WORD	205531	wordpools/wasnorm_wordpool_less_exclusions.txt	LTP189	ltpFR	16	2	1	HARE	688	n/a	n/a	0	0.422607421875	0.5869140625	0	upper	amplitud.ttf
415.09	n/a	WORD	207545	wordpools/wasnorm_wordpool_less_exclusions.txt	LTP189	ltpFR	16	2	0	CANVAS	234	n/a	n/a	1	0.57763671875	0.412841796875	1	lower	zerothre.ttf
419.268	n/a	WORD	209634	wordpools/wasnorm_wordpool_less_exclusions.txt	LTP189	ltpFR	16	2	0	CROW	414	n/a	n/a	0	0.57763671875	0.412841796875	1	lower	zerothre.ttf
423.212	n/a	WORD	211606	wordpools/wasnorm_wordpool_less_exclusions.txt	LTP189	ltpFR	16	2	0	BOULEVARD	156	n/a	n/a	1	0.57763671875	0.412841796875	1	lower	zerothre.ttf
427.19	n/a	WORD	213595	wordpools/wasnorm_wordpool_less_exclusions.txt	LTP189	ltpFR	16	2	0	CURB	426	n/a	n/a	0	0.57763671875	0.412841796875	1	lower	zerothre.ttf
431.184	n/a	WORD	215592	wordpools/wasnorm_wordpool_less_exclusions.txt	LTP189	ltpFR	16	2	1	OLIVE	975	n/a	n/a	1	0.422607421875	0.5869140625	0	upper	amplitud.ttf
435.294	n/a	WORD	217647	wordpools/wasnorm_wordpool_less_exclusions.txt	LTP189	ltpFR	16	2	1	SANDPAPER	1231	n/a	n/a	0	0.422607421875	0.5869140625	0	upper	amplitud.ttf
439.188	n/a	WORD	219594	wordpools/wasnorm_wordpool_less_exclusions.txt	LTP189	ltpFR	16	2	1	DRIVEWAY	500	n/a	n/a	0	0.422607421875	0.5869140625	0	upper	amplitud.ttf
443.182	n/a	WORD	221591	wordpools/wasnorm_wordpool_less_exclusions.txt	LTP189	ltpFR	16	2	0	PEDESTRIAN	1038	n/a	n/a	1	0.57763671875	0.412841796875	1	lower	zerothre.ttf
447.142	n/a	WORD	223571	wordpools/wasnorm_wordpool_less_exclusions.txt	LTP189	ltpFR	16	2	0	WALRUS	1585	n/a	n/a	1	0.57763671875	0.412841796875	1	lower	zerothre.ttf
450.986	n/a	WORD	225493	wordpools/wasnorm_wordpool_less_exclusions.txt	LTP189	ltpFR	16	2	0	ALLIGATOR	16	n/a	n/a	1	0.57763671875	0.412841796875	1	lower	zerothre.ttf
454.982	n/a	WORD	227491	wordpools/wasnorm_wordpool_less_exclusions.txt	LTP189	ltpFR	16	2	0	CATHEDRAL	260	n/a	n/a	1	0.57763671875	0.412841796875	1	lower	zerothre.ttf
459.058	n/a	WORD	229529	wordpools/wasnorm_wordpool_less_exclusions.txt	LTP189	ltpFR	16	2	1	PIGEON	1065	n/a	n/a	1	0.422607421875	0.5869140625	0	upper	amplitud.ttf
463.02	n/a	WORD	231510	wordpools/wasnorm_wordpool_less_exclusions.txt	LTP189	ltpFR	16	2	1	PARSLEY	1016	n/a	n/a	0	0.422607421875	0.5869140625	0	upper	amplitud.ttf
468.746	n/a	REC_START	234373	n/a	LTP189	ltpFR	16	2	n/a	n/a	n/a	n/a	n/a	n/a	n/a	n/a	n/a	n/a	n/a
470.376	n/a	REC_WORD	235188	wordpools/wasnorm_wordpool_less_exclusions.txt	LTP189	ltpFR	16	2	1	PARSLEY	1016	n/a	n/a	0	n/a	n/a	n/a	n/a	n/a
471.184	n/a	REC_WORD	235592	wordpools/wasnorm_wordpool_less_exclusions.txt	LTP189	ltpFR	16	2	1	PIGEON	1065	n/a	n/a	1	n/a	n/a	n/a	n/a	n/a
471.784	n/a	REC_WORD	235892	wordpools/wasnorm_wordpool_less_exclusions.txt	LTP189	ltpFR	16	2	0	CATHEDRAL	260	n/a	n/a	1	n/a	n/a	n/a	n/a	n/a
473.334	n/a	REC_WORD	236667	wordpools/wasnorm_wordpool_less_exclusions.txt	LTP189	ltpFR	16	2	0	PEDESTRIAN	1038	n/a	n/a	1	n/a	n/a	n/a	n/a	n/a
475.05	n/a	REC_WORD	237525	wordpools/wasnorm_wordpool_less_exclusions.txt	LTP189	ltpFR	16	2	1	DRIVEWAY	500	n/a	n/a	0	n/a	n/a	n/a	n/a	n/a
475.754	n/a	REC_WORD	237877	wordpools/wasnorm_wordpool_less_exclusions.txt	LTP189	ltpFR	16	2	0	CURB	426	n/a	n/a	0	n/a	n/a	n/a	n/a	n/a
476.622	n/a	REC_WORD	238311	wordpools/wasnorm_wordpool_less_exclusions.txt	LTP189	ltpFR	16	2	0	WALRUS	1585	n/a	n/a	1	n/a	n/a	n/a	n/a	n/a
479.242	n/a	REC_WORD	239621	wordpools/wasnorm_wordpool_less_exclusions.txt	LTP189	ltpFR	16	2	n/a	RAVEN	-1	n/a	n/a	n/a	n/a	n/a	n/a	n/a	n/a
480.174	n/a	REC_WORD	240087	wordpools/wasnorm_wordpool_less_exclusions.txt	LTP189	ltpFR	16	2	1	OLIVE	975	n/a	n/a	1	n/a	n/a	n/a	n/a	n/a
481.002	n/a	REC_WORD	240501	wordpools/wasnorm_wordpool_less_exclusions.txt	LTP189	ltpFR	16	2	0	CANVAS	234	n/a	n/a	1	n/a	n/a	n/a	n/a	n/a
481.74	n/a	REC_WORD	240870	wordpools/wasnorm_wordpool_less_exclusions.txt	LTP189	ltpFR	16	2	1	SANDPAPER	1231	n/a	n/a	0	n/a	n/a	n/a	n/a	n/a
483.058	n/a	REC_WORD	241529	wordpools/wasnorm_wordpool_less_exclusions.txt	LTP189	ltpFR	16	2	1	SISTER	1312	n/a	n/a	0	n/a	n/a	n/a	n/a	n/a
483.816	n/a	REC_WORD	241908	wordpools/wasnorm_wordpool_less_exclusions.txt	LTP189	ltpFR	16	2	1	HARE	688	n/a	n/a	0	n/a	n/a	n/a	n/a	n/a
484.854	n/a	REC_WORD	242427	wordpools/wasnorm_wordpool_less_exclusions.txt	LTP189	ltpFR	16	2	1	SAW	1239	n/a	n/a	0	n/a	n/a	n/a	n/a	n/a
570.826	n/a	WORD	285413	wordpools/wasnorm_wordpool_less_exclusions.txt	LTP189	ltpFR	16	3	1	SCAPEGOAT	1244	n/a	n/a	1	0.422607421875	0.5869140625	0	upper	amplitud.ttf
574.67	n/a	WORD	287335	wordpools/wasnorm_wordpool_less_exclusions.txt	LTP189	ltpFR	16	3	1	TRAITOR	1495	n/a	n/a	1	0.422607421875	0.5869140625	0	upper	amplitud.ttf
578.566	n/a	WORD	289283	wordpools/wasnorm_wordpool_less_exclusions.txt	LTP189	ltpFR	16	3	1	GRAPE	654	n/a	n/a	1	0.422607421875	0.5869140625	0	upper	amplitud.ttf
582.476	n/a	WORD	291238	wordpools/wasnorm_wordpool_less_exclusions.txt	LTP189	ltpFR	16	3	1	CONTINENT	367	n/a	n/a	0	0.422607421875	0.5869140625	0	upper	amplitud.ttf
586.57	n/a	WORD	293285	wordpools/wasnorm_wordpool_less_exclusions.txt	LTP189	ltpFR	16	3	1	BALLERINA	74	n/a	n/a	1	0.422607421875	0.5869140625	0	upper	amplitud.ttf
590.448	n/a	WORD	295224	wordpools/wasnorm_wordpool_less_exclusions.txt	LTP189	ltpFR	16	3	0	EAR	513	n/a	n/a	0	0.57763671875	0.412841796875	1	lower	zerothre.ttf
594.658	n/a	WORD	297329	wordpools/wasnorm_wordpool_less_exclusions.txt	LTP189	ltpFR	16	3	0	DEPARTMENT	449	n/a	n/a	1	0.57763671875	0.412841796875	1	lower	zerothre.ttf
598.636	n/a	WORD	299318	wordpools/wasnorm_wordpool_less_exclusions.txt	LTP189	ltpFR	16	3	0	CYLINDER	432	n/a	n/a	0	0.57763671875	0.412841796875	1	lower	zerothre.ttf
602.612	n/a	WORD	301306	wordpools/wasnorm_wordpool_less_exclusions.txt	LTP189	ltpFR	16	3	0	PASSENGER	1020	n/a	n/a	1	0.57763671875	0.412841796875	1	lower	zerothre.ttf
606.574	n/a	WORD	303287	wordpools/wasnorm_wordpool_less_exclusions.txt	LTP189	ltpFR	16	3	0	EARRING	514	n/a	n/a	0	0.57763671875	0.412841796875	1	lower	zerothre.ttf
610.784	n/a	WORD	305392	wordpools/wasnorm_wordpool_less_exclusions.txt	LTP189	ltpFR	16	3	1	CONDUCTOR	362	n/a	n/a	1	0.422607421875	0.5869140625	0	upper	amplitud.ttf
614.944	n/a	WORD	307472	wordpools/wasnorm_wordpool_less_exclusions.txt	LTP189	ltpFR	16	3	1	CITY	314	n/a	n/a	1	0.422607421875	0.5869140625	0	upper	amplitud.ttf
618.938	n/a	WORD	309469	wordpools/wasnorm_wordpool_less_exclusions.txt	LTP189	ltpFR	16	3	1	BATTERY	101	n/a	n/a	0	0.422607421875	0.5869140625	0	upper	amplitud.ttf
623.032	n/a	WORD	311516	wordpools/wasnorm_wordpool_less_exclusions.txt	LTP189	ltpFR	16	3	0	CAB	209	n/a	n/a	1	0.57763671875	0.412841796875	1	lower	zerothre.ttf
627.076	n/a	WORD	313538	wordpools/wasnorm_wordpool_less_exclusions.txt	LTP189	ltpFR	16	3	0	SAXOPHONE	1240	n/a	n/a	0	0.57763671875	0.412841796875	1	lower	zerothre.ttf
631.038	n/a	WORD	315519	wordpools/wasnorm_wordpool_less_exclusions.txt	LTP189	ltpFR	16	3	0	COBBLER	335	n/a	n/a	1	0.57763671875	0.412841796875	1	lower	zerothre.ttf
637.046	n/a	REC_START	318523	n/a	LTP189	ltpFR	16	3	n/a	n/a	n/a	n/a	n/a	n/a	n/a	n/a	n/a	n/a	n/a
638.274	n/a	REC_WORD	319137	wordpools/wasnorm_wordpool_less_exclusions.txt	LTP189	ltpFR	16	3	0	COBBLER	335	n/a	n/a	1	n/a	n/a	n/a	n/a	n/a
638.992	n/a	REC_WORD	319496	wordpools/wasnorm_wordpool_less_exclusions.txt	LTP189	ltpFR	16	3	0	SAXOPHONE	1240	n/a	n/a	0	n/a	n/a	n/a	n/a	n/a
639.934	n/a	REC_WORD	319967	wordpools/wasnorm_wordpool_less_exclusions.txt	LTP189	ltpFR	16	3	0	CYLINDER	432	n/a	n/a	0	n/a	n/a	n/a	n/a	n/a
640.732	n/a	REC_WORD	320366	wordpools/wasnorm_wordpool_less_exclusions.txt	LTP189	ltpFR	16	3	0	EAR	513	n/a	n/a	0	n/a	n/a	n/a	n/a	n/a
641.152	n/a	REC_WORD	320576	wordpools/wasnorm_wordpool_less_exclusions.txt	LTP189	ltpFR	16	3	1	BALLERINA	74	n/a	n/a	1	n/a	n/a	n/a	n/a	n/a
641.75	n/a	REC_WORD	320875	wordpools/wasnorm_wordpool_less_exclusions.txt	LTP189	ltpFR	16	3	0	DEPARTMENT	449	n/a	n/a	1	n/a	n/a	n/a	n/a	n/a
642.784	n/a	REC_WORD	321392	wordpools/wasnorm_wordpool_less_exclusions.txt	LTP189	ltpFR	16	3	1	CONDUCTOR	362	n/a	n/a	1	n/a	n/a	n/a	n/a	n/a
643.402	n/a	REC_WORD	321701	wordpools/wasnorm_wordpool_less_exclusions.txt	LTP189	ltpFR	16	3	0	PASSENGER	1020	n/a	n/a	1	n/a	n/a	n/a	n/a	n/a
644.126	n/a	REC_WORD	322063	wordpools/wasnorm_wordpool_less_exclusions.txt	LTP189	ltpFR	16	3	0	EARRING	514	n/a	n/a	0	n/a	n/a	n/a	n/a	n/a
650.79	n/a	REC_WORD	325395	wordpools/wasnorm_wordpool_less_exclusions.txt	LTP189	ltpFR	16	3	1	CONTINENT	367	n/a	n/a	0	n/a	n/a	n/a	n/a	n/a
651.922	n/a	REC_WORD	325961	wordpools/wasnorm_wordpool_less_exclusions.txt	LTP189	ltpFR	16	3	1	TRAITOR	1495	n/a	n/a	1	n/a	n/a	n/a	n/a	n/a
652.796	n/a	REC_WORD	326398	wordpools/wasnorm_wordpool_less_exclusions.txt	LTP189	ltpFR	16	3	1	SCAPEGOAT	1244	n/a	n/a	1	n/a	n/a	n/a	n/a	n/a
791.484	n/a	WORD	395742	wordpools/wasnorm_wordpool_less_exclusions.txt	LTP189	ltpFR	16	4	-1	UMPIRE	1535	n/a	n/a	-1	1.0	1.0	1	upper	Verdana.ttf
795.578	n/a	WORD	397789	wordpools/wasnorm_wordpool_less_exclusions.txt	LTP189	ltpFR	16	4	-1	STRAW	1390	n/a	n/a	-1	1.0	1.0	1	upper	Verdana.ttf
799.722	n/a	WORD	399861	wordpools/wasnorm_wordpool_less_exclusions.txt	LTP189	ltpFR	16	4	-1	PUPPY	1144	n/a	n/a	-1	1.0	1.0	1	upper	Verdana.ttf
803.616	n/a	WORD	401808	wordpools/wasnorm_wordpool_less_exclusions.txt	LTP189	ltpFR	16	4	-1	ARENA	37	n/a	n/a	-1	1.0	1.0	1	upper	Verdana.ttf
807.676	n/a	WORD	403838	wordpools/wasnorm_wordpool_less_exclusions.txt	LTP189	ltpFR	16	4	-1	GOLD	647	n/a	n/a	-1	1.0	1.0	1	upper	Verdana.ttf
811.738	n/a	WORD	405869	wordpools/wasnorm_wordpool_less_exclusions.txt	LTP189	ltpFR	16	4	-1	WHIP	1604	n/a	n/a	-1	1.0	1.0	1	upper	Verdana.ttf
815.848	n/a	WORD	407924	wordpools/wasnorm_wordpool_less_exclusions.txt	LTP189	ltpFR	16	4	-1	JEWEL	757	n/a	n/a	-1	1.0	1.0	1	upper	Verdana.ttf
819.924	n/a	WORD	409962	wordpools/wasnorm_wordpool_less_exclusions.txt	LTP189	ltpFR	16	4	-1	DOORBELL	487	n/a	n/a	-1	1.0	1.0	1	upper	Verdana.ttf
824.002	n/a	WORD	412001	wordpools/wasnorm_wordpool_less_exclusions.txt	LTP189	ltpFR	16	4	-1	TORNADO	1485	n/a	n/a	-1	1.0	1.0	1	upper	Verdana.ttf
828.162	n/a	WORD	414081	wordpools/wasnorm_wordpool_less_exclusions.txt	LTP189	ltpFR	16	4	-1	AUDIENCE	59	n/a	n/a	-1	1.0	1.0	1	upper	Verdana.ttf
832.222	n/a	WORD	416111	wordpools/wasnorm_wordpool_less_exclusions.txt	LTP189	ltpFR	16	4	-1	PILOT	1070	n/a	n/a	-1	1.0	1.0	1	upper	Verdana.ttf
836.184	n/a	WORD	418092	wordpools/wasnorm_wordpool_less_exclusions.txt	LTP189	ltpFR	16	4	-1	SWATTER	1418	n/a	n/a	-1	1.0	1.0	1	upper	Verdana.ttf
840.228	n/a	WORD	420114	wordpools/wasnorm_wordpool_less_exclusions.txt	LTP189	ltpFR	16	4	-1	TWISTER	1530	n/a	n/a	-1	1.0	1.0	1	upper	Verdana.ttf
844.256	n/a	WORD	422128	wordpools/wasnorm_wordpool_less_exclusions.txt	LTP189	ltpFR	16	4	-1	PADDING	999	n/a	n/a	-1	1.0	1.0	1	upper	Verdana.ttf
848.266	n/a	WORD	424133	wordpools/wasnorm_wordpool_less_exclusions.txt	LTP189	ltpFR	16	4	-1	CHESS	294	n/a	n/a	-1	1.0	1.0	1	upper	Verdana.ttf
852.178	n/a	WORD	426089	wordpools/wasnorm_wordpool_less_exclusions.txt	LTP189	ltpFR	16	4	-1	ORCHESTRA	981	n/a	n/a	-1	1.0	1.0	1	upper	Verdana.ttf
858.036	n/a	REC_START	429018	n/a	LTP189	ltpFR	16	4	n/a	n/a	n/a	n/a	n/a	n/a	n/a	n/a	n/a	n/a	n/a
858.544	n/a	REC_WORD	429272	wordpools/wasnorm_wordpool_less_exclusions.txt	LTP189	ltpFR	16	4	-1	ORCHESTRA	981	n/a	n/a	-1	n/a	n/a	n/a	n/a	n/a
859.182	n/a	REC_WORD	429591	wordpools/wasnorm_wordpool_less_exclusions.txt	LTP189	ltpFR	16	4	-1	TWISTER	1530	n/a	n/a	-1	n/a	n/a	n/a	n/a	n/a
859.662	n/a	REC_WORD	429831	wordpools/wasnorm_wordpool_less_exclusions.txt	LTP189	ltpFR	16	4	-1	TORNADO	1485	n/a	n/a	-1	n/a	n/a	n/a	n/a	n/a
860.286	n/a	REC_WORD	430143	wordpools/wasnorm_wordpool_less_exclusions.txt	LTP189	ltpFR	16	4	-1	PILOT	1070	n/a	n/a	-1	n/a	n/a	n/a	n/a	n/a
862.37	n/a	REC_WORD	431185	wordpools/wasnorm_wordpool_less_exclusions.txt	LTP189	ltpFR	16	4	-1	SWATTER	1418	n/a	n/a	-1	n/a	n/a	n/a	n/a	n/a
863.868	n/a	REC_WORD	431934	wordpools/wasnorm_wordpool_less_exclusions.txt	LTP189	ltpFR	16	4	-1	AUDIENCE	59	n/a	n/a	-1	n/a	n/a	n/a	n/a	n/a
865.06	n/a	REC_WORD	432530	wordpools/wasnorm_wordpool_less_exclusions.txt	LTP189	ltpFR	16	4	-1	GOLD	647	n/a	n/a	-1	n/a	n/a	n/a	n/a	n/a
865.768	n/a	REC_WORD	432884	wordpools/wasnorm_wordpool_less_exclusions.txt	LTP189	ltpFR	16	4	-1	JEWEL	757	n/a	n/a	-1	n/a	n/a	n/a	n/a	n/a
868.188	n/a	REC_WORD	434094	wordpools/wasnorm_wordpool_less_exclusions.txt	LTP189	ltpFR	16	4	-1	DOORBELL	487	n/a	n/a	-1	n/a	n/a	n/a	n/a	n/a
869.974	n/a	REC_WORD	434987	wordpools/wasnorm_wordpool_less_exclusions.txt	LTP189	ltpFR	16	4	-1	CHESS	294	n/a	n/a	-1	n/a	n/a	n/a	n/a	n/a
872.158	n/a	REC_WORD	436079	wordpools/wasnorm_wordpool_less_exclusions.txt	LTP189	ltpFR	16	4	-1	UMPIRE	1535	n/a	n/a	-1	n/a	n/a	n/a	n/a	n/a
873.436	n/a	REC_WORD	436718	wordpools/wasnorm_wordpool_less_exclusions.txt	LTP189	ltpFR	16	4	-1	PADDING	999	n/a	n/a	-1	n/a	n/a	n/a	n/a	n/a
874.198	n/a	REC_WORD	437099	wordpools/wasnorm_wordpool_less_exclusions.txt	LTP189	ltpFR	16	4	-1	STRAW	1390	n/a	n/a	-1	n/a	n/a	n/a	n/a	n/a
875.246	n/a	REC_WORD	437623	wordpools/wasnorm_wordpool_less_exclusions.txt	LTP189	ltpFR	16	4	-1	WHIP	1604	n/a	n/a	-1	n/a	n/a	n/a	n/a	n/a
879.572	n/a	REC_WORD	439786	wordpools/wasnorm_wordpool_less_exclusions.txt	LTP189	ltpFR	16	4	-1	PUPPY	1144	n/a	n/a	-1	n/a	n/a	n/a	n/a	n/a
957.138	n/a	WORD	478569	wordpools/wasnorm_wordpool_less_exclusions.txt	LTP189	ltpFR	16	5	1	VISITOR	1573	n/a	n/a	3	0.422607421875	0.5869140625	0	upper	amplitud.ttf
958.754	n/a	KEY_MSG	479377	n/a	LTP189	ltpFR	16	5	n/a	n/a	n/a	n/a	n/a	n/a	n/a	n/a	n/a	n/a	n/a
961.432	n/a	WORD	480716	wordpools/wasnorm_wordpool_less_exclusions.txt	LTP189	ltpFR	16	5	1	GROCERIES	663	n/a	n/a	0	0.422607421875	0.5869140625	0	upper	amplitud.ttf
965.576	n/a	WORD	482788	wordpools/wasnorm_wordpool_less_exclusions.txt	LTP189	ltpFR	16	5	1	STORE	1387	n/a	n/a	0	0.422607421875	0.5869140625	0	upper	amplitud.ttf
969.502	n/a	WORD	484751	wordpools/wasnorm_wordpool_less_exclusions.txt	LTP189	ltpFR	16	5	1	ABDOMEN	1	n/a	n/a	1	0.422607421875	0.5869140625	0	upper	amplitud.ttf
973.364	n/a	WORD	486682	wordpools/wasnorm_wordpool_less_exclusions.txt	LTP189	ltpFR	16	5	1	TOOTH	1481	n/a	n/a	0	0.422607421875	0.5869140625	0	upper	amplitud.ttf
977.308	n/a	WORD	488654	wordpools/wasnorm_wordpool_less_exclusions.txt	LTP189	ltpFR	16	5	1	LENS	811	n/a	n/a	0	0.422607421875	0.5869140625	0	upper	amplitud.ttf
981.352	n/a	WORD	490676	wordpools/wasnorm_wordpool_less_exclusions.txt	LTP189	ltpFR	16	5	1	SIBLING	1301	n/a	n/a	1	0.422607421875	0.5869140625	0	upper	amplitud.ttf
985.248	n/a	WORD	492624	wordpools/wasnorm_wordpool_less_exclusions.txt	LTP189	ltpFR	16	5	1	TORTOISE	1486	n/a	n/a	1	0.422607421875	0.5869140625	0	upper	amplitud.ttf
989.242	n/a	WORD	494621	wordpools/wasnorm_wordpool_less_exclusions.txt	LTP189	ltpFR	16	5	1	BROOK	177	n/a	n/a	0	0.422607421875	0.5869140625	0	upper	amplitud.ttf
993.152	n/a	WORD	496576	wordpools/wasnorm_wordpool_less_exclusions.txt	LTP189	ltpFR	16	5	1	FLIPPER	580	n/a	n/a	0	0.422607421875	0.5869140625	0	upper	amplitud.ttf
997.296	n/a	WORD	498648	wordpools/wasnorm_wordpool_less_exclusions.txt	LTP189	ltpFR	16	5	1	COYOTE	396	n/a	n/a	1	0.422607421875	0.5869140625	0	upper	amplitud.ttf
1001.14	n/a	WORD	500570	wordpools/wasnorm_wordpool_less_exclusions.txt	LTP189	ltpFR	16	5	1	GLASSES	640	n/a	n/a	0	0.422607421875	0.5869140625	0	upper	amplitud.ttf
1005.068	n/a	WORD	502534	wordpools/wasnorm_wordpool_less_exclusions.txt	LTP189	ltpFR	16	5	1	YACHT	1629	n/a	n/a	0	0.422607421875	0.5869140625	0	upper	amplitud.ttf
1009.144	n/a	WORD	504572	wordpools/wasnorm_wordpool_less_exclusions.txt	LTP189	ltpFR	16	5	1	PIER	1063	n/a	n/a	0	0.422607421875	0.5869140625	0	upper	amplitud.ttf
1013.238	n/a	WORD	506619	wordpools/wasnorm_wordpool_less_exclusions.txt	LTP189	ltpFR	16	5	1	BASSINET	97	n/a	n/a	1	0.422607421875	0.5869140625	0	upper	amplitud.ttf
1017.382	n/a	WORD	508691	wordpools/wasnorm_wordpool_less_exclusions.txt	LTP189	ltpFR	16	5	1	GOO	648	n/a	n/a	0	0.422607421875	0.5869140625	0	upper	amplitud.ttf
1023.474	n/a	REC_START	511737	n/a	LTP189	ltpFR	16	5	n/a	n/a	n/a	n/a	n/a	n/a	n/a	n/a	n/a	n/a	n/a
1024.55	n/a	REC_WORD	512275	wordpools/wasnorm_wordpool_less_exclusions.txt	LTP189	ltpFR	16	5	1	BASSINET	97	n/a	n/a	1	n/a	n/a	n/a	n/a	n/a
1026.316	n/a	REC_WORD	513158	wordpools/wasnorm_wordpool_less_exclusions.txt	LTP189	ltpFR	16	5	1	GOO	648	n/a	n/a	0	n/a	n/a	n/a	n/a	n/a
1027.31	n/a	REC_WORD	513655	wordpools/wasnorm_wordpool_less_exclusions.txt	LTP189	ltpFR	16	5	1	YACHT	1629	n/a	n/a	0	n/a	n/a	n/a	n/a	n/a
1028.208	n/a	REC_WORD	514104	wordpools/wasnorm_wordpool_less_exclusions.txt	LTP189	ltpFR	16	5	1	PIER	1063	n/a	n/a	0	n/a	n/a	n/a	n/a	n/a
1029.73	n/a	REC_WORD	514865	wordpools/wasnorm_wordpool_less_exclusions.txt	LTP189	ltpFR	16	5	1	GLASSES	640	n/a	n/a	0	n/a	n/a	n/a	n/a	n/a
1030.502	n/a	REC_WORD	515251	wordpools/wasnorm_wordpool_less_exclusions.txt	LTP189	ltpFR	16	5	1	LENS	811	n/a	n/a	0	n/a	n/a	n/a	n/a	n/a
1031.17	n/a	REC_WORD	515585	wordpools/wasnorm_wordpool_less_exclusions.txt	LTP189	ltpFR	16	5	1	VISITOR	1573	n/a	n/a	3	n/a	n/a	n/a	n/a	n/a
1031.864	n/a	REC_WORD	515932	wordpools/wasnorm_wordpool_less_exclusions.txt	LTP189	ltpFR	16	5	1	GROCERIES	663	n/a	n/a	0	n/a	n/a	n/a	n/a	n/a
1032.538	n/a	REC_WORD	516269	wordpools/wasnorm_wordpool_less_exclusions.txt	LTP189	ltpFR	16	5	1	STORE	1387	n/a	n/a	0	n/a	n/a	n/a	n/a	n/a
1034.384	n/a	REC_WORD	517192	wordpools/wasnorm_wordpool_less_exclusions.txt	LTP189	ltpFR	16	5	1	SIBLING	1301	n/a	n/a	1	n/a	n/a	n/a	n/a	n/a
1036.244	n/a	REC_WORD	518122	wordpools/wasnorm_wordpool_less_exclusions.txt	LTP189	ltpFR	16	5	1	TORTOISE	1486	n/a	n/a	1	n/a	n/a	n/a	n/a	n/a
1038.598	n/a	REC_WORD	519299	wordpools/wasnorm_wordpool_less_exclusions.txt	LTP189	ltpFR	16	5	1	BROOK	177	n/a	n/a	0	n/a	n/a	n/a	n/a	n/a
1040.784	n/a	REC_WORD	520392	wordpools/wasnorm_wordpool_less_exclusions.txt	LTP189	ltpFR	16	5	1	COYOTE	396	n/a	n/a	1	n/a	n/a	n/a	n/a	n/a
1055.836	n/a	REC_WORD_VV	527918	wordpools/wasnorm_wordpool_less_exclusions.txt	LTP189	ltpFR	16	5	n/a	<>	-1	n/a	n/a	n/a	n/a	n/a	n/a	n/a	n/a
1135.708	n/a	WORD	567854	wordpools/wasnorm_wordpool_less_exclusions.txt	LTP189	ltpFR	16	6	1	NAIL	936	n/a	n/a	0	0.422607421875	0.5869140625	0	upper	amplitud.ttf
1139.818	n/a	WORD	569909	wordpools/wasnorm_wordpool_less_exclusions.txt	LTP189	ltpFR	16	6	1	CHIP	303	n/a	n/a	0	0.422607421875	0.5869140625	0	upper	amplitud.ttf
1143.696	n/a	WORD	571848	wordpools/wasnorm_wordpool_less_exclusions.txt	LTP189	ltpFR	16	6	0	POT	1114	n/a	n/a	0	0.57763671875	0.412841796875	1	lower	zerothre.ttf
1147.708	n/a	WORD	573854	wordpools/wasnorm_wordpool_less_exclusions.txt	LTP189	ltpFR	16	6	0	CHEF	290	n/a	n/a	n/a	0.57763671875	0.412841796875	1	lower	zerothre.ttf
1150.736	n/a	SLOW_MSG	575368	n/a	LTP189	ltpFR	16	6	n/a	n/a	n/a	n/a	n/a	n/a	n/a	n/a	n/a	n/a	n/a
1153.282	n/a	WORD	576641	wordpools/wasnorm_wordpool_less_exclusions.txt	LTP189	ltpFR	16	6	0	APPLICATION	34	n/a	n/a	0	0.57763671875	0.412841796875	1	lower	zerothre.ttf
1157.508	n/a	WORD	578754	wordpools/wasnorm_wordpool_less_exclusions.txt	LTP189	ltpFR	16	6	0	ELEPHANT	523	n/a	n/a	1	0.57763671875	0.412841796875	1	lower	zerothre.ttf
1161.486	n/a	WORD	580743	wordpools/wasnorm_wordpool_less_exclusions.txt	LTP189	ltpFR	16	6	1	PAIL	1002	n/a	n/a	0	0.422607421875	0.5869140625	0	upper	amplitud.ttf
1165.33	n/a	WORD	582665	wordpools/wasnorm_wordpool_less_exclusions.txt	LTP189	ltpFR	16	6	1	DEER	444	n/a	n/a	1	0.422607421875	0.5869140625	0	upper	amplitud.ttf
1169.508	n/a	WORD	584754	wordpools/wasnorm_wordpool_less_exclusions.txt	LTP189	ltpFR	16	6	1	ELK	526	n/a	n/a	1	0.422607421875	0.5869140625	0	upper	amplitud.ttf
1173.418	n/a	WORD	586709	wordpools/wasnorm_wordpool_less_exclusions.txt	LTP189	ltpFR	16	6	1	DIAL	457	n/a	n/a	0	0.422607421875	0.5869140625	0	upper	amplitud.ttf
1177.612	n/a	WORD	588806	wordpools/wasnorm_wordpool_less_exclusions.txt	LTP189	ltpFR	16	6	0	MEAL	882	n/a	n/a	0	0.57763671875	0.412841796875	1	lower	zerothre.ttf
1181.506	n/a	WORD	590753	wordpools/wasnorm_wordpool_less_exclusions.txt	LTP189	ltpFR	16	6	0	SKIRT	1319	n/a	n/a	0	0.57763671875	0.412841796875	1	lower	zerothre.ttf
1185.666	n/a	WORD	592833	wordpools/wasnorm_wordpool_less_exclusions.txt	LTP189	ltpFR	16	6	0	TANK	1432	n/a	n/a	1	0.57763671875	0.412841796875	1	lower	zerothre.ttf
1189.828	n/a	WORD	594914	wordpools/wasnorm_wordpool_less_exclusions.txt	LTP189	ltpFR	16	6	0	FISH	571	n/a	n/a	0	0.57763671875	0.412841796875	1	lower	zerothre.ttf
1193.838	n/a	WORD	596919	wordpools/wasnorm_wordpool_less_exclusions.txt	LTP189	ltpFR	16	6	1	DECK	443	n/a	n/a	0	0.422607421875	0.5869140625	0	upper	amplitud.ttf
1197.85	n/a	WORD	598925	wordpools/wasnorm_wordpool_less_exclusions.txt	LTP189	ltpFR	16	6	1	ROBE	1198	n/a	n/a	0	0.422607421875	0.5869140625	0	upper	amplitud.ttf
1203.808	n/a	REC_START	601904	n/a	LTP189	ltpFR	16	6	n/a	n/a	n/a	n/a	n/a	n/a	n/a	n/a	n/a	n/a	n/a
1204.72	n/a	REC_WORD	602360	wordpools/wasnorm_wordpool_less_exclusions.txt	LTP189	ltpFR	16	6	1	ROBE	1198	n/a	n/a	0	n/a	n/a	n/a	n/a	n/a
1205.762	n/a	REC_WORD	602881	wordpools/wasnorm_wordpool_less_exclusions.txt	LTP189	ltpFR	16	6	1	DECK	443	n/a	n/a	0	n/a	n/a	n/a	n/a	n/a
1206.546	n/a	REC_WORD	603273	wordpools/wasnorm_wordpool_less_exclusions.txt	LTP189	ltpFR	16	6	0	TANK	1432	n/a	n/a	1	n/a	n/a	n/a	n/a	n/a
1207.478	n/a	REC_WORD	603739	wordpools/wasnorm_wordpool_less_exclusions.txt	LTP189	ltpFR	16	6	0	FISH	571	n/a	n/a	0	n/a	n/a	n/a	n/a	n/a
1209.874	n/a	REC_WORD	604937	wordpools/wasnorm_wordpool_less_exclusions.txt	LTP189	ltpFR	16	6	0	CHEF	290	n/a	n/a	n/a	n/a	n/a	n/a	n/a	n/a
1214.068	n/a	REC_WORD	607034	wordpools/wasnorm_wordpool_less_exclusions.txt	LTP189	ltpFR	16	6	1	PAIL	1002	n/a	n/a	0	n/a	n/a	n/a	n/a	n/a
1214.996	n/a	REC_WORD	607498	wordpools/wasnorm_wordpool_less_exclusions.txt	LTP189	ltpFR	16	6	0	POT	1114	n/a	n/a	0	n/a	n/a	n/a	n/a	n/a
1216.204	n/a	REC_WORD	608102	wordpools/wasnorm_wordpool_less_exclusions.txt	LTP189	ltpFR	16	6	1	NAIL	936	n/a	n/a	0	n/a	n/a	n/a	n/a	n/a
1220.1	n/a	REC_WORD	610050	wordpools/wasnorm_wordpool_less_exclusions.txt	LTP189	ltpFR	16	6	1	CHIP	303	n/a	n/a	0	n/a	n/a	n/a	n/a	n/a
1223.164	n/a	REC_WORD	611582	wordpools/wasnorm_wordpool_less_exclusions.txt	LTP189	ltpFR	16	6	1	ELK	526	n/a	n/a	1	n/a	n/a	n/a	n/a	n/a
1223.986	n/a	REC_WORD	611993	wordpools/wasnorm_wordpool_less_exclusions.txt	LTP189	ltpFR	16	6	1	DEER	444	n/a	n/a	1	n/a	n/a	n/a	n/a	n/a
1226.64	n/a	REC_WORD	613320	wordpools/wasnorm_wordpool_less_exclusions.txt	LTP189	ltpFR	16	6	0	ELEPHANT	523	n/a	n/a	1	n/a	n/a	n/a	n/a	n/a
1227.628	n/a	REC_WORD	613814	wordpools/wasnorm_wordpool_less_exclusions.txt	LTP189	ltpFR	16	6	0	APPLICATION	34	n/a	n/a	0	n/a	n/a	n/a	n/a	n/a
1230.606	n/a	REC_WORD	615303	wordpools/wasnorm_wordpool_less_exclusions.txt	LTP189	ltpFR	16	6	0	SKIRT	1319	n/a	n/a	0	n/a	n/a	n/a	n/a	n/a
1315.158	n/a	WORD	657579	wordpools/wasnorm_wordpool_less_exclusions.txt	LTP189	ltpFR	16	7	1	HOUND	724	n/a	n/a	0	0.422607421875	0.5869140625	0	upper	amplitud.ttf
1319.252	n/a	WORD	659626	wordpools/wasnorm_wordpool_less_exclusions.txt	LTP189	ltpFR	16	7	1	TAIL	1430	n/a	n/a	0	0.422607421875	0.5869140625	0	upper	amplitud.ttf
1323.162	n/a	WORD	661581	wordpools/wasnorm_wordpool_less_exclusions.txt	LTP189	ltpFR	16	7	1	OX	994	n/a	n/a	1	0.422607421875	0.5869140625	0	upper	amplitud.ttf
1327.14	n/a	WORD	663570	wordpools/wasnorm_wordpool_less_exclusions.txt	LTP189	ltpFR	16	7	1	VET	1560	n/a	n/a	1	0.422607421875	0.5869140625	0	upper	amplitud.ttf
1331.168	n/a	WORD	665584	wordpools/wasnorm_wordpool_less_exclusions.txt	LTP189	ltpFR	16	7	1	BARN	89	n/a	n/a	0	0.422607421875	0.5869140625	0	upper	amplitud.ttf
1335.396	n/a	WORD	667698	wordpools/wasnorm_wordpool_less_exclusions.txt	LTP189	ltpFR	16	7	1	BONE	148	n/a	n/a	0	0.422607421875	0.5869140625	0	upper	amplitud.ttf
1339.472	n/a	WORD	669736	wordpools/wasnorm_wordpool_less_exclusions.txt	LTP189	ltpFR	16	7	1	CHIEF	298	n/a	n/a	1	0.422607421875	0.5869140625	0	upper	amplitud.ttf
1343.35	n/a	WORD	671675	wordpools/wasnorm_wordpool_less_exclusions.txt	LTP189	ltpFR	16	7	1	MOOSE	915	n/a	n/a	1	0.422607421875	0.5869140625	0	upper	amplitud.ttf
1347.312	n/a	WORD	673656	wordpools/wasnorm_wordpool_less_exclusions.txt	LTP189	ltpFR	16	7	1	COPIER	377	n/a	n/a	0	0.422607421875	0.5869140625	0	upper	amplitud.ttf
1351.356	n/a	WORD	675678	wordpools/wasnorm_wordpool_less_exclusions.txt	LTP189	ltpFR	16	7	1	CANYON	235	n/a	n/a	0	0.422607421875	0.5869140625	0	upper	amplitud.ttf
1355.366	n/a	WORD	677683	wordpools/wasnorm_wordpool_less_exclusions.txt	LTP189	ltpFR	16	7	1	LADDER	793	n/a	n/a	0	0.422607421875	0.5869140625	0	upper	amplitud.ttf
1359.526	n/a	WORD	679763	wordpools/wasnorm_wordpool_less_exclusions.txt	LTP189	ltpFR	16	7	1	BARK	87	n/a	n/a	0	0.422607421875	0.5869140625	0	upper	amplitud.ttf
1363.62	n/a	WORD	681810	wordpools/wasnorm_wordpool_less_exclusions.txt	LTP189	ltpFR	16	7	1	AUTOMOBILE	62	n/a	n/a	0	0.422607421875	0.5869140625	0	upper	amplitud.ttf
1367.748	n/a	WORD	683874	wordpools/wasnorm_wordpool_less_exclusions.txt	LTP189	ltpFR	16	7	1	TABLET	1427	n/a	n/a	0	0.422607421875	0.5869140625	0	upper	amplitud.ttf
1371.726	n/a	WORD	685863	wordpools/wasnorm_wordpool_less_exclusions.txt	LTP189	ltpFR	16	7	1	FLEA	577	n/a	n/a	1	0.422607421875	0.5869140625	0	upper	amplitud.ttf
1375.786	n/a	WORD	687893	wordpools/wasnorm_wordpool_less_exclusions.txt	LTP189	ltpFR	16	7	1	UNICORN	1538	n/a	n/a	0	0.422607421875	0.5869140625	0	upper	amplitud.ttf
1381.744	n/a	REC_START	690872	n/a	LTP189	ltpFR	16	7	n/a	n/a	n/a	n/a	n/a	n/a	n/a	n/a	n/a	n/a	n/a
1382.532	n/a	REC_WORD	691266	wordpools/wasnorm_wordpool_less_exclusions.txt	LTP189	ltpFR	16	7	1	UNICORN	1538	n/a	n/a	0	n/a	n/a	n/a	n/a	n/a
1383.064	n/a	REC_WORD	691532	wordpools/wasnorm_wordpool_less_exclusions.txt	LTP189	ltpFR	16	7	1	FLEA	577	n/a	n/a	1	n/a	n/a	n/a	n/a	n/a
1383.65	n/a	REC_WORD	691825	wordpools/wasnorm_wordpool_less_exclusions.txt	LTP189	ltpFR	16	7	1	TABLET	1427	n/a	n/a	0	n/a	n/a	n/a	n/a	n/a
1384.852	n/a	REC_WORD	692426	wordpools/wasnorm_wordpool_less_exclusions.txt	LTP189	ltpFR	16	7	1	AUTOMOBILE	62	n/a	n/a	0	n/a	n/a	n/a	n/a	n/a
1387.008	n/a	REC_WORD	693504	wordpools/wasnorm_wordpool_less_exclusions.txt	LTP189	ltpFR	16	7	1	CHIEF	298	n/a	n/a	1	n/a	n/a	n/a	n/a	n/a
1387.82	n/a	REC_WORD	693910	wordpools/wasnorm_wordpool_less_exclusions.txt	LTP189	ltpFR	16	7	1	MOOSE	915	n/a	n/a	1	n/a	n/a	n/a	n/a	n/a
1388.548	n/a	REC_WORD	694274	wordpools/wasnorm_wordpool_less_exclusions.txt	LTP189	ltpFR	16	7	1	LADDER	793	n/a	n/a	0	n/a	n/a	n/a	n/a	n/a
1389.342	n/a	REC_WORD	694671	wordpools/wasnorm_wordpool_less_exclusions.txt	LTP189	ltpFR	16	7	1	BARN	89	n/a	n/a	0	n/a	n/a	n/a	n/a	n/a
1390.04	n/a	REC_WORD	695020	wordpools/wasnorm_wordpool_less_exclusions.txt	LTP189	ltpFR	16	7	1	CANYON	235	n/a	n/a	0	n/a	n/a	n/a	n/a	n/a
1390.708	n/a	REC_WORD	695354	wordpools/wasnorm_wordpool_less_exclusions.txt	LTP189	ltpFR	16	7	1	VET	1560	n/a	n/a	1	n/a	n/a	n/a	n/a	n/a
1391.602	n/a	REC_WORD	695801	wordpools/wasnorm_wordpool_less_exclusions.txt	LTP189	ltpFR	16	7	1	OX	994	n/a	n/a	1	n/a	n/a	n/a	n/a	n/a
1392.33	n/a	REC_WORD	696165	wordpools/wasnorm_wordpool_less_exclusions.txt	LTP189	ltpFR	16	7	1	TAIL	1430	n/a	n/a	0	n/a	n/a	n/a	n/a	n/a
1393.208	n/a	REC_WORD	696604	wordpools/wasnorm_wordpool_less_exclusions.txt	LTP189	ltpFR	16	7	1	HOUND	724	n/a	n/a	0	n/a	n/a	n/a	n/a	n/a
1394.26	n/a	REC_WORD	697130	wordpools/wasnorm_wordpool_less_exclusions.txt	LTP189	ltpFR	16	7	1	BONE	148	n/a	n/a	0	n/a	n/a	n/a	n/a	n/a
1397.678	n/a	REC_WORD	698839	wordpools/wasnorm_wordpool_less_exclusions.txt	LTP189	ltpFR	16	7	1	BARK	87	n/a	n/a	0	n/a	n/a	n/a	n/a	n/a
1402.248	n/a	REC_WORD	701124	wordpools/wasnorm_wordpool_less_exclusions.txt	LTP189	ltpFR	16	7	n/a	HOWL	-1	n/a	n/a	n/a	n/a	n/a	n/a	n/a	n/a
1467.566	n/a	WORD	733783	wordpools/wasnorm_wordpool_less_exclusions.txt	LTP189	ltpFR	16	8	-1	BEVERAGE	123	n/a	n/a	-1	1.0	1.0	1	upper	Verdana.ttf
1471.444	n/a	WORD	735722	wordpools/wasnorm_wordpool_less_exclusions.txt	LTP189	ltpFR	16	8	-1	PUDDLE	1140	n/a	n/a	-1	1.0	1.0	1	upper	Verdana.ttf
1475.472	n/a	WORD	737736	wordpools/wasnorm_wordpool_less_exclusions.txt	LTP189	ltpFR	16	8	-1	CABBAGE	210	n/a	n/a	-1	1.0	1.0	1	upper	Verdana.ttf
1479.666	n/a	WORD	739833	wordpools/wasnorm_wordpool_less_exclusions.txt	LTP189	ltpFR	16	8	-1	BEAN	105	n/a	n/a	-1	1.0	1.0	1	upper	Verdana.ttf
1483.744	n/a	WORD	741872	wordpools/wasnorm_wordpool_less_exclusions.txt	LTP189	ltpFR	16	8	-1	MUG	930	n/a	n/a	-1	1.0	1.0	1	upper	Verdana.ttf
1487.636	n/a	WORD	743818	wordpools/wasnorm_wordpool_less_exclusions.txt	LTP189	ltpFR	16	8	-1	BROOM	178	n/a	n/a	-1	1.0	1.0	1	upper	Verdana.ttf
1491.632	n/a	WORD	745816	wordpools/wasnorm_wordpool_less_exclusions.txt	LTP189	ltpFR	16	8	-1	COCKTAIL	338	n/a	n/a	-1	1.0	1.0	1	upper	Verdana.ttf
1495.642	n/a	WORD	747821	wordpools/wasnorm_wordpool_less_exclusions.txt	LTP189	ltpFR	16	8	-1	DEPUTY	450	n/a	n/a	-1	1.0	1.0	1	upper	Verdana.ttf
1499.67	n/a	WORD	749835	wordpools/wasnorm_wordpool_less_exclusions.txt	LTP189	ltpFR	16	8	-1	FLOOR	581	n/a	n/a	-1	1.0	1.0	1	upper	Verdana.ttf
1503.78	n/a	WORD	751890	wordpools/wasnorm_wordpool_less_exclusions.txt	LTP189	ltpFR	16	8	-1	DINNER	468	n/a	n/a	-1	1.0	1.0	1	upper	Verdana.ttf
1507.742	n/a	WORD	753871	wordpools/wasnorm_wordpool_less_exclusions.txt	LTP189	ltpFR	16	8	-1	GLASS	639	n/a	n/a	-1	1.0	1.0	1	upper	Verdana.ttf
1511.786	n/a	WORD	755893	wordpools/wasnorm_wordpool_less_exclusions.txt	LTP189	ltpFR	16	8	-1	LIMOUSINE	824	n/a	n/a	-1	1.0	1.0	1	upper	Verdana.ttf
1515.828	n/a	WORD	757914	wordpools/wasnorm_wordpool_less_exclusions.txt	LTP189	ltpFR	16	8	-1	IDOL	733	n/a	n/a	-1	1.0	1.0	1	upper	Verdana.ttf
1519.656	n/a	WORD	759828	wordpools/wasnorm_wordpool_less_exclusions.txt	LTP189	ltpFR	16	8	-1	SURF	1412	n/a	n/a	-1	1.0	1.0	1	upper	Verdana.ttf
1523.566	n/a	WORD	761783	wordpools/wasnorm_wordpool_less_exclusions.txt	LTP189	ltpFR	16	8	-1	SWIMMER	1420	n/a	n/a	-1	1.0	1.0	1	upper	Verdana.ttf
1527.528	n/a	WORD	763764	wordpools/wasnorm_wordpool_less_exclusions.txt	LTP189	ltpFR	16	8	-1	CANAL	226	n/a	n/a	-1	1.0	1.0	1	upper	Verdana.ttf
1533.336	n/a	REC_START	766668	n/a	LTP189	ltpFR	16	8	n/a	n/a	n/a	n/a	n/a	n/a	n/a	n/a	n/a	n/a	n/a
1533.886	n/a	REC_WORD	766943	wordpools/wasnorm_wordpool_less_exclusions.txt	LTP189	ltpFR	16	8	-1	SWIMMER	1420	n/a	n/a	-1	n/a	n/a	n/a	n/a	n/a
1534.32	n/a	REC_WORD	767160	wordpools/wasnorm_wordpool_less_exclusions.txt	LTP189	ltpFR	16	8	-1	SURF	1412	n/a	n/a	-1	n/a	n/a	n/a	n/a	n/a
1534.764	n/a	REC_WORD	767382	wordpools/wasnorm_wordpool_less_exclusions.txt	LTP189	ltpFR	16	8	-1	CANAL	226	n/a	n/a	-1	n/a	n/a	n/a	n/a	n/a
1535.392	n/a	REC_WORD	767696	wordpools/wasnorm_wordpool_less_exclusions.txt	LTP189	ltpFR	16	8	-1	LIMOUSINE	824	n/a	n/a	-1	n/a	n/a	n/a	n/a	n/a
1536.16	n/a	REC_WORD	768080	wordpools/wasnorm_wordpool_less_exclusions.txt	LTP189	ltpFR	16	8	-1	DEPUTY	450	n/a	n/a	-1	n/a	n/a	n/a	n/a	n/a
1536.834	n/a	REC_WORD	768417	wordpools/wasnorm_wordpool_less_exclusions.txt	LTP189	ltpFR	16	8	-1	GLASS	639	n/a	n/a	-1	n/a	n/a	n/a	n/a	n/a
1537.322	n/a	REC_WORD	768661	wordpools/wasnorm_wordpool_less_exclusions.txt	LTP189	ltpFR	16	8	-1	COCKTAIL	338	n/a	n/a	-1	n/a	n/a	n/a	n/a	n/a
1539.508	n/a	REC_WORD	769754	wordpools/wasnorm_wordpool_less_exclusions.txt	LTP189	ltpFR	16	8	-1	CABBAGE	210	n/a	n/a	-1	n/a	n/a	n/a	n/a	n/a
1540.13	n/a	REC_WORD	770065	wordpools/wasnorm_wordpool_less_exclusions.txt	LTP189	ltpFR	16	8	-1	BEAN	105	n/a	n/a	-1	n/a	n/a	n/a	n/a	n/a
1540.71	n/a	REC_WORD	770355	wordpools/wasnorm_wordpool_less_exclusions.txt	LTP189	ltpFR	16	8	-1	DINNER	468	n/a	n/a	-1	n/a	n/a	n/a	n/a	n/a
1542.686	n/a	REC_WORD	771343	wordpools/wasnorm_wordpool_less_exclusions.txt	LTP189	ltpFR	16	8	-1	MUG	930	n/a	n/a	-1	n/a	n/a	n/a	n/a	n/a
1543.29	n/a	REC_WORD	771645	wordpools/wasnorm_wordpool_less_exclusions.txt	LTP189	ltpFR	16	8	-1	BEVERAGE	123	n/a	n/a	-1	n/a	n/a	n/a	n/a	n/a
1553.018	n/a	REC_WORD	776509	wordpools/wasnorm_wordpool_less_exclusions.txt	LTP189	ltpFR	16	8	-1	FLOOR	581	n/a	n/a	-1	n/a	n/a	n/a	n/a	n/a
1560.356	n/a	REC_WORD	780178	wordpools/wasnorm_wordpool_less_exclusions.txt	LTP189	ltpFR	16	8	n/a	SPILL	-1	n/a	n/a	n/a	n/a	n/a	n/a	n/a	n/a
1634.936	n/a	WORD	817468	wordpools/wasnorm_wordpool_less_exclusions.txt	LTP189	ltpFR	16	9	0	POOL	1103	n/a	n/a	0	0.57763671875	0.412841796875	1	lower	zerothre.ttf
1638.846	n/a	WORD	819423	wordpools/wasnorm_wordpool_less_exclusions.txt	LTP189	ltpFR	16	9	0	STREAM	1392	n/a	n/a	1	0.57763671875	0.412841796875	1	lower	zerothre.ttf
1643.074	n/a	WORD	821537	wordpools/wasnorm_wordpool_less_exclusions.txt	LTP189	ltpFR	16	9	0	TAXI	1438	n/a	n/a	1	0.57763671875	0.412841796875	1	lower	zerothre.ttf
1646.984	n/a	WORD	823492	wordpools/wasnorm_wordpool_less_exclusions.txt	LTP189	ltpFR	16	9	0	LITERATURE	831	n/a	n/a	1	0.57763671875	0.412841796875	1	lower	zerothre.ttf
1651.212	n/a	WORD	825606	wordpools/wasnorm_wordpool_less_exclusions.txt	LTP189	ltpFR	16	9	1	CARNIVAL	245	n/a	n/a	0	0.422607421875	0.5869140625	0	upper	amplitud.ttf
1655.088	n/a	WORD	827544	wordpools/wasnorm_wordpool_less_exclusions.txt	LTP189	ltpFR	16	9	1	ATHLETE	52	n/a	n/a	1	0.422607421875	0.5869140625	0	upper	amplitud.ttf
1659.0	n/a	WORD	829500	wordpools/wasnorm_wordpool_less_exclusions.txt	LTP189	ltpFR	16	9	1	CRICKET	408	n/a	n/a	1	0.422607421875	0.5869140625	0	upper	amplitud.ttf
1662.878	n/a	WORD	831439	wordpools/wasnorm_wordpool_less_exclusions.txt	LTP189	ltpFR	16	9	1	JOURNAL	760	n/a	n/a	0	0.422607421875	0.5869140625	0	upper	amplitud.ttf
1667.022	n/a	WORD	833511	wordpools/wasnorm_wordpool_less_exclusions.txt	LTP189	ltpFR	16	9	0	HUMAN	726	n/a	n/a	0	0.57763671875	0.412841796875	1	lower	zerothre.ttf
1671.182	n/a	WORD	835591	wordpools/wasnorm_wordpool_less_exclusions.txt	LTP189	ltpFR	16	9	0	HOOD	714	n/a	n/a	0	0.57763671875	0.412841796875	1	lower	zerothre.ttf
1675.176	n/a	WORD	837588	wordpools/wasnorm_wordpool_less_exclusions.txt	LTP189	ltpFR	16	9	0	JUDGE	761	n/a	n/a	1	0.57763671875	0.412841796875	1	lower	zerothre.ttf
1679.152	n/a	WORD	839576	wordpools/wasnorm_wordpool_less_exclusions.txt	LTP189	ltpFR	16	9	0	COMMITTEE	355	n/a	n/a	1	0.57763671875	0.412841796875	1	lower	zerothre.ttf
1683.332	n/a	WORD	841666	wordpools/wasnorm_wordpool_less_exclusions.txt	LTP189	ltpFR	16	9	1	NERVE	944	n/a	n/a	1	0.422607421875	0.5869140625	0	upper	amplitud.ttf
1687.358	n/a	WORD	843679	wordpools/wasnorm_wordpool_less_exclusions.txt	LTP189	ltpFR	16	9	1	FOX	598	n/a	n/a	1	0.422607421875	0.5869140625	0	upper	amplitud.ttf
1691.236	n/a	WORD	845618	wordpools/wasnorm_wordpool_less_exclusions.txt	LTP189	ltpFR	16	9	1	RUST	1219	n/a	n/a	0	0.422607421875	0.5869140625	0	upper	amplitud.ttf
1695.214	n/a	WORD	847607	wordpools/wasnorm_wordpool_less_exclusions.txt	LTP189	ltpFR	16	9	1	MOTOR	922	n/a	n/a	1	0.422607421875	0.5869140625	0	upper	amplitud.ttf
1701.256	n/a	REC_START	850628	n/a	LTP189	ltpFR	16	9	n/a	n/a	n/a	n/a	n/a	n/a	n/a	n/a	n/a	n/a	n/a
1702.618	n/a	REC_WORD	851309	wordpools/wasnorm_wordpool_less_exclusions.txt	LTP189	ltpFR	16	9	1	MOTOR	922	n/a	n/a	1	n/a	n/a	n/a	n/a	n/a
1703.634	n/a	REC_WORD	851817	wordpools/wasnorm_wordpool_less_exclusions.txt	LTP189	ltpFR	16	9	0	HOOD	714	n/a	n/a	0	n/a	n/a	n/a	n/a	n/a
1704.324	n/a	REC_WORD	852162	wordpools/wasnorm_wordpool_less_exclusions.txt	LTP189	ltpFR	16	9	0	TAXI	1438	n/a	n/a	1	n/a	n/a	n/a	n/a	n/a
1706.04	n/a	REC_WORD	853020	wordpools/wasnorm_wordpool_less_exclusions.txt	LTP189	ltpFR	16	9	0	LITERATURE	831	n/a	n/a	1	n/a	n/a	n/a	n/a	n/a
1708.664	n/a	REC_WORD	854332	wordpools/wasnorm_wordpool_less_exclusions.txt	LTP189	ltpFR	16	9	0	HUMAN	726	n/a	n/a	0	n/a	n/a	n/a	n/a	n/a
1709.68	n/a	REC_WORD	854840	wordpools/wasnorm_wordpool_less_exclusions.txt	LTP189	ltpFR	16	9	0	JUDGE	761	n/a	n/a	1	n/a	n/a	n/a	n/a	n/a
1710.648	n/a	REC_WORD	855324	wordpools/wasnorm_wordpool_less_exclusions.txt	LTP189	ltpFR	16	9	0	COMMITTEE	355	n/a	n/a	1	n/a	n/a	n/a	n/a	n/a
1712.974	n/a	REC_WORD	856487	wordpools/wasnorm_wordpool_less_exclusions.txt	LTP189	ltpFR	16	9	0	STREAM	1392	n/a	n/a	1	n/a	n/a	n/a	n/a	n/a
1714.55	n/a	REC_WORD	857275	wordpools/wasnorm_wordpool_less_exclusions.txt	LTP189	ltpFR	16	9	0	POOL	1103	n/a	n/a	0	n/a	n/a	n/a	n/a	n/a
1717.912	n/a	REC_WORD	858956	wordpools/wasnorm_wordpool_less_exclusions.txt	LTP189	ltpFR	16	9	1	CARNIVAL	245	n/a	n/a	0	n/a	n/a	n/a	n/a	n/a
1719.534	n/a	REC_WORD	859767	wordpools/wasnorm_wordpool_less_exclusions.txt	LTP189	ltpFR	16	9	1	ATHLETE	52	n/a	n/a	1	n/a	n/a	n/a	n/a	n/a
1720.162	n/a	REC_WORD	860081	wordpools/wasnorm_wordpool_less_exclusions.txt	LTP189	ltpFR	16	9	1	CRICKET	408	n/a	n/a	1	n/a	n/a	n/a	n/a	n/a
1720.706	n/a	REC_WORD	860353	wordpools/wasnorm_wordpool_less_exclusions.txt	LTP189	ltpFR	16	9	1	JOURNAL	760	n/a	n/a	0	n/a	n/a	n/a	n/a	n/a
1821.608	n/a	WORD	910804	wordpools/wasnorm_wordpool_less_exclusions.txt	LTP189	ltpFR	16	10	0	MARGARINE	868	n/a	n/a	0	0.57763671875	0.412841796875	1	lower	zerothre.ttf
1825.82	n/a	WORD	912910	wordpools/wasnorm_wordpool_less_exclusions.txt	LTP189	ltpFR	16	10	0	FIN	566	n/a	n/a	0	0.57763671875	0.412841796875	1	lower	zerothre.ttf
1829.648	n/a	WORD	914824	wordpools/wasnorm_wordpool_less_exclusions.txt	LTP189	ltpFR	16	10	0	PARTY	1018	n/a	n/a	1	0.57763671875	0.412841796875	1	lower	zerothre.ttf
1833.642	n/a	WORD	916821	wordpools/wasnorm_wordpool_less_exclusions.txt	LTP189	ltpFR	16	10	0	SPONGE	1355	n/a	n/a	0	0.57763671875	0.412841796875	1	lower	zerothre.ttf
1837.67	n/a	WORD	918835	wordpools/wasnorm_wordpool_less_exclusions.txt	LTP189	ltpFR	16	10	0	ISLAND	745	n/a	n/a	1	0.57763671875	0.412841796875	1	lower	zerothre.ttf
1841.714	n/a	WORD	920857	wordpools/wasnorm_wordpool_less_exclusions.txt	LTP189	ltpFR	16	10	0	RECEIPT	1173	n/a	n/a	0	0.57763671875	0.412841796875	1	lower	zerothre.ttf
1845.558	n/a	WORD	922779	wordpools/wasnorm_wordpool_less_exclusions.txt	LTP189	ltpFR	16	10	0	BUTTER	205	n/a	n/a	0	0.57763671875	0.412841796875	1	lower	zerothre.ttf
1849.684	n/a	WORD	924842	wordpools/wasnorm_wordpool_less_exclusions.txt	LTP189	ltpFR	16	10	0	POSSUM	1112	n/a	n/a	0	0.57763671875	0.412841796875	1	lower	zerothre.ttf
1853.528	n/a	WORD	926764	wordpools/wasnorm_wordpool_less_exclusions.txt	LTP189	ltpFR	16	10	0	DUST	508	n/a	n/a	1	0.57763671875	0.412841796875	1	lower	zerothre.ttf
1857.622	n/a	WORD	928811	wordpools/wasnorm_wordpool_less_exclusions.txt	LTP189	ltpFR	16	10	0	CONTRACT	368	n/a	n/a	1	0.57763671875	0.412841796875	1	lower	zerothre.ttf
1861.6	n/a	WORD	930800	wordpools/wasnorm_wordpool_less_exclusions.txt	LTP189	ltpFR	16	10	0	MONGOOSE	909	n/a	n/a	0	0.57763671875	0.412841796875	1	lower	zerothre.ttf
1865.528	n/a	WORD	932764	wordpools/wasnorm_wordpool_less_exclusions.txt	LTP189	ltpFR	16	10	0	PLUMBER	1091	n/a	n/a	1	0.57763671875	0.412841796875	1	lower	zerothre.ttf
1869.706	n/a	WORD	934853	wordpools/wasnorm_wordpool_less_exclusions.txt	LTP189	ltpFR	16	10	0	SINK	1309	n/a	n/a	0	0.57763671875	0.412841796875	1	lower	zerothre.ttf
1873.648	n/a	WORD	936824	wordpools/wasnorm_wordpool_less_exclusions.txt	LTP189	ltpFR	16	10	0	BRIEFCASE	175	n/a	n/a	0	0.57763671875	0.412841796875	1	lower	zerothre.ttf
1877.744	n/a	WORD	938872	wordpools/wasnorm_wordpool_less_exclusions.txt	LTP189	ltpFR	16	10	0	UNDERWEAR	1537	n/a	n/a	0	0.57763671875	0.412841796875	1	lower	zerothre.ttf
1881.82	n/a	WORD	940910	wordpools/wasnorm_wordpool_less_exclusions.txt	LTP189	ltpFR	16	10	0	FRIEND	606	n/a	n/a	1	0.57763671875	0.412841796875	1	lower	zerothre.ttf
1887.678	n/a	REC_START	943839	n/a	LTP189	ltpFR	16	10	n/a	n/a	n/a	n/a	n/a	n/a	n/a	n/a	n/a	n/a	n/a
1889.064	n/a	REC_WORD	944532	wordpools/wasnorm_wordpool_less_exclusions.txt	LTP189	ltpFR	16	10	0	FRIEND	606	n/a	n/a	1	n/a	n/a	n/a	n/a	n/a
1889.564	n/a	REC_WORD	944782	wordpools/wasnorm_wordpool_less_exclusions.txt	LTP189	ltpFR	16	10	0	PLUMBER	1091	n/a	n/a	1	n/a	n/a	n/a	n/a	n/a
1890.398	n/a	REC_WORD	945199	wordpools/wasnorm_wordpool_less_exclusions.txt	LTP189	ltpFR	16	10	0	BRIEFCASE	175	n/a	n/a	0	n/a	n/a	n/a	n/a	n/a
1891.25	n/a	REC_WORD	945625	wordpools/wasnorm_wordpool_less_exclusions.txt	LTP189	ltpFR	16	10	0	FIN	566	n/a	n/a	0	n/a	n/a	n/a	n/a	n/a
1893.4	n/a	REC_WORD	946700	wordpools/wasnorm_wordpool_less_exclusions.txt	LTP189	ltpFR	16	10	0	ISLAND	745	n/a	n/a	1	n/a	n/a	n/a	n/a	n/a
1894.384	n/a	REC_WORD	947192	wordpools/wasnorm_wordpool_less_exclusions.txt	LTP189	ltpFR	16	10	0	MARGARINE	868	n/a	n/a	0	n/a	n/a	n/a	n/a	n/a
1895.032	n/a	REC_WORD	947516	wordpools/wasnorm_wordpool_less_exclusions.txt	LTP189	ltpFR	16	10	0	BUTTER	205	n/a	n/a	0	n/a	n/a	n/a	n/a	n/a
1895.532	n/a	REC_WORD	947766	wordpools/wasnorm_wordpool_less_exclusions.txt	LTP189	ltpFR	16	10	0	POSSUM	1112	n/a	n/a	0	n/a	n/a	n/a	n/a	n/a
1896.17	n/a	REC_WORD	948085	wordpools/wasnorm_wordpool_less_exclusions.txt	LTP189	ltpFR	16	10	0	MONGOOSE	909	n/a	n/a	0	n/a	n/a	n/a	n/a	n/a
1897.218	n/a	REC_WORD	948609	wordpools/wasnorm_wordpool_less_exclusions.txt	LTP189	ltpFR	16	10	0	PARTY	1018	n/a	n/a	1	n/a	n/a	n/a	n/a	n/a
1898.414	n/a	REC_WORD	949207	wordpools/wasnorm_wordpool_less_exclusions.txt	LTP189	ltpFR	16	10	0	DUST	508	n/a	n/a	1	n/a	n/a	n/a	n/a	n/a
1900.77	n/a	REC_WORD	950385	wordpools/wasnorm_wordpool_less_exclusions.txt	LTP189	ltpFR	16	10	0	FRIEND	606	n/a	n/a	1	n/a	n/a	n/a	n/a	n/a
1906.692	n/a	REC_WORD_VV	953346	wordpools/wasnorm_wordpool_less_exclusions.txt	LTP189	ltpFR	16	10	n/a	<>	-1	n/a	n/a	n/a	n/a	n/a	n/a	n/a	n/a
1910.302	n/a	REC_WORD	955151	wordpools/wasnorm_wordpool_less_exclusions.txt	LTP189	ltpFR	16	10	0	CONTRACT	368	n/a	n/a	1	n/a	n/a	n/a	n/a	n/a
1979.392	n/a	WORD	989696	wordpools/wasnorm_wordpool_less_exclusions.txt	LTP189	ltpFR	16	11	0	DRILL	497	n/a	n/a	1	0.57763671875	0.412841796875	1	lower	zerothre.ttf
1983.536	n/a	WORD	991768	wordpools/wasnorm_wordpool_less_exclusions.txt	LTP189	ltpFR	16	11	0	JUG	762	n/a	n/a	0	0.57763671875	0.412841796875	1	lower	zerothre.ttf
1987.38	n/a	WORD	993690	wordpools/wasnorm_wordpool_less_exclusions.txt	LTP189	ltpFR	16	11	0	TYPEWRITER	1531	n/a	n/a	0	0.57763671875	0.412841796875	1	lower	zerothre.ttf
1991.574	n/a	WORD	995787	wordpools/wasnorm_wordpool_less_exclusions.txt	LTP189	ltpFR	16	11	0	BULB	192	n/a	n/a	0	0.57763671875	0.412841796875	1	lower	zerothre.ttf
1995.652	n/a	WORD	997826	wordpools/wasnorm_wordpool_less_exclusions.txt	LTP189	ltpFR	16	11	0	SLACKS	1323	n/a	n/a	0	0.57763671875	0.412841796875	1	lower	zerothre.ttf
1999.646	n/a	WORD	999823	wordpools/wasnorm_wordpool_less_exclusions.txt	LTP189	ltpFR	16	11	0	CANOE	233	n/a	n/a	1	0.57763671875	0.412841796875	1	lower	zerothre.ttf
2003.74	n/a	WORD	1001870	wordpools/wasnorm_wordpool_less_exclusions.txt	LTP189	ltpFR	16	11	0	SHORE	1291	n/a	n/a	1	0.57763671875	0.412841796875	1	lower	zerothre.ttf
2007.868	n/a	WORD	1003934	wordpools/wasnorm_wordpool_less_exclusions.txt	LTP189	ltpFR	16	11	0	OCEAN	970	n/a	n/a	1	0.57763671875	0.412841796875	1	lower	zerothre.ttf
2011.994	n/a	WORD	1005997	wordpools/wasnorm_wordpool_less_exclusions.txt	LTP189	ltpFR	16	11	0	ROCKET	1202	n/a	n/a	1	0.57763671875	0.412841796875	1	lower	zerothre.ttf
2015.956	n/a	WORD	1007978	wordpools/wasnorm_wordpool_less_exclusions.txt	LTP189	ltpFR	16	11	0	COLUMN	350	n/a	n/a	1	0.57763671875	0.412841796875	1	lower	zerothre.ttf
2020.116	n/a	WORD	1010058	wordpools/wasnorm_wordpool_less_exclusions.txt	LTP189	ltpFR	16	11	0	NEWSSTAND	949	n/a	n/a	0	0.57763671875	0.412841796875	1	lower	zerothre.ttf
2023.96	n/a	WORD	1011980	wordpools/wasnorm_wordpool_less_exclusions.txt	LTP189	ltpFR	16	11	0	ERASER	538	n/a	n/a	0	0.57763671875	0.412841796875	1	lower	zerothre.ttf
2027.97	n/a	WORD	1013985	wordpools/wasnorm_wordpool_less_exclusions.txt	LTP189	ltpFR	16	11	0	VESSEL	1558	n/a	n/a	1	0.57763671875	0.412841796875	1	lower	zerothre.ttf
2031.814	n/a	WORD	1015907	wordpools/wasnorm_wordpool_less_exclusions.txt	LTP189	ltpFR	16	11	0	PORCH	1106	n/a	n/a	0	0.57763671875	0.412841796875	1	lower	zerothre.ttf
2035.992	n/a	WORD	1017996	wordpools/wasnorm_wordpool_less_exclusions.txt	LTP189	ltpFR	16	11	0	SCARF	1246	n/a	n/a	0	0.57763671875	0.412841796875	1	lower	zerothre.ttf
2040.07	n/a	WORD	1020035	wordpools/wasnorm_wordpool_less_exclusions.txt	LTP189	ltpFR	16	11	0	MINK	897	n/a	n/a	0	0.57763671875	0.412841796875	1	lower	zerothre.ttf
2046.078	n/a	REC_START	1023039	n/a	LTP189	ltpFR	16	11	n/a	n/a	n/a	n/a	n/a	n/a	n/a	n/a	n/a	n/a	n/a
2046.742	n/a	REC_WORD	1023371	wordpools/wasnorm_wordpool_less_exclusions.txt	LTP189	ltpFR	16	11	0	MINK	897	n/a	n/a	0	n/a	n/a	n/a	n/a	n/a
2047.026	n/a	REC_WORD	1023513	wordpools/wasnorm_wordpool_less_exclusions.txt	LTP189	ltpFR	16	11	0	SCARF	1246	n/a	n/a	0	n/a	n/a	n/a	n/a	n/a
2047.644	n/a	REC_WORD	1023822	wordpools/wasnorm_wordpool_less_exclusions.txt	LTP189	ltpFR	16	11	0	VESSEL	1558	n/a	n/a	1	n/a	n/a	n/a	n/a	n/a
2048.184	n/a	REC_WORD	1024092	wordpools/wasnorm_wordpool_less_exclusions.txt	LTP189	ltpFR	16	11	0	PORCH	1106	n/a	n/a	0	n/a	n/a	n/a	n/a	n/a
2048.876	n/a	REC_WORD	1024438	wordpools/wasnorm_wordpool_less_exclusions.txt	LTP189	ltpFR	16	11	0	CANOE	233	n/a	n/a	1	n/a	n/a	n/a	n/a	n/a
2049.536	n/a	REC_WORD	1024768	wordpools/wasnorm_wordpool_less_exclusions.txt	LTP189	ltpFR	16	11	0	OCEAN	970	n/a	n/a	1	n/a	n/a	n/a	n/a	n/a
2050.274	n/a	REC_WORD	1025137	wordpools/wasnorm_wordpool_less_exclusions.txt	LTP189	ltpFR	16	11	0	JUG	762	n/a	n/a	0	n/a	n/a	n/a	n/a	n/a
2050.788	n/a	REC_WORD	1025394	wordpools/wasnorm_wordpool_less_exclusions.txt	LTP189	ltpFR	16	11	0	NEWSSTAND	949	n/a	n/a	0	n/a	n/a	n/a	n/a	n/a
2053.256	n/a	REC_WORD	1026628	wordpools/wasnorm_wordpool_less_exclusions.txt	LTP189	ltpFR	16	11	0	SHORE	1291	n/a	n/a	1	n/a	n/a	n/a	n/a	n/a
2057.098	n/a	REC_WORD	1028549	wordpools/wasnorm_wordpool_less_exclusions.txt	LTP189	ltpFR	16	11	0	ERASER	538	n/a	n/a	0	n/a	n/a	n/a	n/a	n/a
2061.404	n/a	REC_WORD	1030702	wordpools/wasnorm_wordpool_less_exclusions.txt	LTP189	ltpFR	16	11	0	DRILL	497	n/a	n/a	1	n/a	n/a	n/a	n/a	n/a
2172.906	n/a	WORD	1086453	wordpools/wasnorm_wordpool_less_exclusions.txt	LTP189	ltpFR	16	12	-1	DISC	473	n/a	n/a	-1	1.0	1.0	1	upper	Verdana.ttf
2177.05	n/a	WORD	1088525	wordpools/wasnorm_wordpool_less_exclusions.txt	LTP189	ltpFR	16	12	-1	PUMPKIN	1142	n/a	n/a	-1	1.0	1.0	1	upper	Verdana.ttf
2181.228	n/a	WORD	1090614	wordpools/wasnorm_wordpool_less_exclusions.txt	LTP189	ltpFR	16	12	-1	LASER	801	n/a	n/a	-1	1.0	1.0	1	upper	Verdana.ttf
2185.272	n/a	WORD	1092636	wordpools/wasnorm_wordpool_less_exclusions.txt	LTP189	ltpFR	16	12	-1	JOINT	758	n/a	n/a	-1	1.0	1.0	1	upper	Verdana.ttf
2189.416	n/a	WORD	1094708	wordpools/wasnorm_wordpool_less_exclusions.txt	LTP189	ltpFR	16	12	-1	TUBA	1515	n/a	n/a	-1	1.0	1.0	1	upper	Verdana.ttf
2193.61	n/a	WORD	1096805	wordpools/wasnorm_wordpool_less_exclusions.txt	LTP189	ltpFR	16	12	-1	GALLON	618	n/a	n/a	-1	1.0	1.0	1	upper	Verdana.ttf
2197.704	n/a	WORD	1098852	wordpools/wasnorm_wordpool_less_exclusions.txt	LTP189	ltpFR	16	12	-1	CONE	363	n/a	n/a	-1	1.0	1.0	1	upper	Verdana.ttf
2201.748	n/a	WORD	1100874	wordpools/wasnorm_wordpool_less_exclusions.txt	LTP189	ltpFR	16	12	-1	EMPLOYER	532	n/a	n/a	-1	1.0	1.0	1	upper	Verdana.ttf
2205.726	n/a	WORD	1102863	wordpools/wasnorm_wordpool_less_exclusions.txt	LTP189	ltpFR	16	12	-1	MOWER	928	n/a	n/a	-1	1.0	1.0	1	upper	Verdana.ttf
2209.818	n/a	WORD	1104909	wordpools/wasnorm_wordpool_less_exclusions.txt	LTP189	ltpFR	16	12	-1	STOOL	1386	n/a	n/a	-1	1.0	1.0	1	upper	Verdana.ttf
2213.73	n/a	WORD	1106865	wordpools/wasnorm_wordpool_less_exclusions.txt	LTP189	ltpFR	16	12	-1	TOOTHPASTE	1483	n/a	n/a	-1	1.0	1.0	1	upper	Verdana.ttf
2217.906	n/a	WORD	1108953	wordpools/wasnorm_wordpool_less_exclusions.txt	LTP189	ltpFR	16	12	-1	JAW	751	n/a	n/a	-1	1.0	1.0	1	upper	Verdana.ttf
2221.966	n/a	WORD	1110983	wordpools/wasnorm_wordpool_less_exclusions.txt	LTP189	ltpFR	16	12	-1	FOOT	590	n/a	n/a	-1	1.0	1.0	1	upper	Verdana.ttf
2225.928	n/a	WORD	1112964	wordpools/wasnorm_wordpool_less_exclusions.txt	LTP189	ltpFR	16	12	-1	SHORTCAKE	1292	n/a	n/a	-1	1.0	1.0	1	upper	Verdana.ttf
2230.122	n/a	WORD	1115061	wordpools/wasnorm_wordpool_less_exclusions.txt	LTP189	ltpFR	16	12	-1	LIMB	822	n/a	n/a	-1	1.0	1.0	1	upper	Verdana.ttf
2234.232	n/a	WORD	1117116	wordpools/wasnorm_wordpool_less_exclusions.txt	LTP189	ltpFR	16	12	-1	ACORN	3	n/a	n/a	-1	1.0	1.0	1	upper	Verdana.ttf
2240.258	n/a	REC_START	1120129	n/a	LTP189	ltpFR	16	12	n/a	n/a	n/a	n/a	n/a	n/a	n/a	n/a	n/a	n/a	n/a
2241.404	n/a	REC_WORD	1120702	wordpools/wasnorm_wordpool_less_exclusions.txt	LTP189	ltpFR	16	12	-1	ACORN	3	n/a	n/a	-1	n/a	n/a	n/a	n/a	n/a
2241.852	n/a	REC_WORD	1120926	wordpools/wasnorm_wordpool_less_exclusions.txt	LTP189	ltpFR	16	12	-1	LIMB	822	n/a	n/a	-1	n/a	n/a	n/a	n/a	n/a
2242.286	n/a	REC_WORD	1121143	wordpools/wasnorm_wordpool_less_exclusions.txt	LTP189	ltpFR	16	12	-1	EMPLOYER	532	n/a	n/a	-1	n/a	n/a	n/a	n/a	n/a
2243.326	n/a	REC_WORD	1121663	wordpools/wasnorm_wordpool_less_exclusions.txt	LTP189	ltpFR	16	12	-1	CONE	363	n/a	n/a	-1	n/a	n/a	n/a	n/a	n/a
2244.058	n/a	REC_WORD	1122029	wordpools/wasnorm_wordpool_less_exclusions.txt	LTP189	ltpFR	16	12	-1	TOOTHPASTE	1483	n/a	n/a	-1	n/a	n/a	n/a	n/a	n/a
2245.51	n/a	REC_WORD	1122755	wordpools/wasnorm_wordpool_less_exclusions.txt	LTP189	ltpFR	16	12	-1	FOOT	590	n/a	n/a	-1	n/a	n/a	n/a	n/a	n/a
2246.842	n/a	REC_WORD	1123421	wordpools/wasnorm_wordpool_less_exclusions.txt	LTP189	ltpFR	16	12	-1	SHORTCAKE	1292	n/a	n/a	-1	n/a	n/a	n/a	n/a	n/a
2247.91	n/a	REC_WORD	1123955	wordpools/wasnorm_wordpool_less_exclusions.txt	LTP189	ltpFR	16	12	-1	MOWER	928	n/a	n/a	-1	n/a	n/a	n/a	n/a	n/a
2249.084	n/a	REC_WORD	1124542	wordpools/wasnorm_wordpool_less_exclusions.txt	LTP189	ltpFR	16	12	-1	JOINT	758	n/a	n/a	-1	n/a	n/a	n/a	n/a	n/a
2250.56	n/a	REC_WORD	1125280	wordpools/wasnorm_wordpool_less_exclusions.txt	LTP189	ltpFR	16	12	-1	STOOL	1386	n/a	n/a	-1	n/a	n/a	n/a	n/a	n/a
2253.822	n/a	REC_WORD	1126911	wordpools/wasnorm_wordpool_less_exclusions.txt	LTP189	ltpFR	16	12	-1	DISC	473	n/a	n/a	-1	n/a	n/a	n/a	n/a	n/a
2255.438	n/a	REC_WORD	1127719	wordpools/wasnorm_wordpool_less_exclusions.txt	LTP189	ltpFR	16	12	-1	PUMPKIN	1142	n/a	n/a	-1	n/a	n/a	n/a	n/a	n/a
2256.93	n/a	REC_WORD	1128465	wordpools/wasnorm_wordpool_less_exclusions.txt	LTP189	ltpFR	16	12	-1	LASER	801	n/a	n/a	-1	n/a	n/a	n/a	n/a	n/a
2315.844	n/a	REST_REWET	1157922	n/a	LTP189	ltpFR	16	12	n/a	n/a	n/a	n/a	n/a	n/a	n/a	n/a	n/a	n/a	n/a
2659.02	n/a	WORD	1329510	wordpools/wasnorm_wordpool_less_exclusions.txt	LTP189	ltpFR	16	13	0	THESAURUS	1454	n/a	n/a	0	0.57763671875	0.412841796875	1	lower	zerothre.ttf
2662.948	n/a	WORD	1331474	wordpools/wasnorm_wordpool_less_exclusions.txt	LTP189	ltpFR	16	13	0	WRITER	1627	n/a	n/a	0	0.57763671875	0.412841796875	1	lower	zerothre.ttf
2666.976	n/a	WORD	1333488	wordpools/wasnorm_wordpool_less_exclusions.txt	LTP189	ltpFR	16	13	1	YOLK	1633	n/a	n/a	0	0.422607421875	0.5869140625	0	upper	amplitud.ttf
2670.854	n/a	WORD	1335427	wordpools/wasnorm_wordpool_less_exclusions.txt	LTP189	ltpFR	16	13	1	SUBURB	1399	n/a	n/a	0	0.422607421875	0.5869140625	0	upper	amplitud.ttf
2674.798	n/a	WORD	1337399	wordpools/wasnorm_wordpool_less_exclusions.txt	LTP189	ltpFR	16	13	1	COMMUNITY	356	n/a	n/a	1	0.422607421875	0.5869140625	0	upper	amplitud.ttf
2678.792	n/a	WORD	1339396	wordpools/wasnorm_wordpool_less_exclusions.txt	LTP189	ltpFR	16	13	1	MUSEUM	933	n/a	n/a	0	0.422607421875	0.5869140625	0	upper	amplitud.ttf
2682.754	n/a	WORD	1341377	wordpools/wasnorm_wordpool_less_exclusions.txt	LTP189	ltpFR	16	13	1	BRANDY	169	n/a	n/a	0	0.422607421875	0.5869140625	0	upper	amplitud.ttf
2686.664	n/a	WORD	1343332	wordpools/wasnorm_wordpool_less_exclusions.txt	LTP189	ltpFR	16	13	1	DICTATOR	462	n/a	n/a	0	0.422607421875	0.5869140625	0	upper	amplitud.ttf
2690.658	n/a	WORD	1345329	wordpools/wasnorm_wordpool_less_exclusions.txt	LTP189	ltpFR	16	13	0	PAINT	1003	n/a	n/a	0	0.57763671875	0.412841796875	1	lower	zerothre.ttf
2694.584	n/a	WORD	1347292	wordpools/wasnorm_wordpool_less_exclusions.txt	LTP189	ltpFR	16	13	0	CHICKEN	297	n/a	n/a	0	0.57763671875	0.412841796875	1	lower	zerothre.ttf
2698.762	n/a	WORD	1349381	wordpools/wasnorm_wordpool_less_exclusions.txt	LTP189	ltpFR	16	13	0	SUPERVISOR	1410	n/a	n/a	1	0.57763671875	0.412841796875	1	lower	zerothre.ttf
2702.956	n/a	WORD	1351478	wordpools/wasnorm_wordpool_less_exclusions.txt	LTP189	ltpFR	16	13	0	VITAMIN	1574	n/a	n/a	0	0.57763671875	0.412841796875	1	lower	zerothre.ttf
2707.15	n/a	WORD	1353575	wordpools/wasnorm_wordpool_less_exclusions.txt	LTP189	ltpFR	16	13	1	ARCHITECT	36	n/a	n/a	1	0.422607421875	0.5869140625	0	upper	amplitud.ttf
2711.244	n/a	WORD	1355622	wordpools/wasnorm_wordpool_less_exclusions.txt	LTP189	ltpFR	16	13	1	WITNESS	1618	n/a	n/a	1	0.422607421875	0.5869140625	0	upper	amplitud.ttf
2715.104	n/a	WORD	1357552	wordpools/wasnorm_wordpool_less_exclusions.txt	LTP189	ltpFR	16	13	0	COURT	391	n/a	n/a	1	0.57763671875	0.412841796875	1	lower	zerothre.ttf
2719.214	n/a	WORD	1359607	wordpools/wasnorm_wordpool_less_exclusions.txt	LTP189	ltpFR	16	13	0	CARDINAL	244	n/a	n/a	0	0.57763671875	0.412841796875	1	lower	zerothre.ttf
2725.156	n/a	REC_START	1362578	n/a	LTP189	ltpFR	16	13	n/a	n/a	n/a	n/a	n/a	n/a	n/a	n/a	n/a	n/a	n/a
2727.226	n/a	REC_WORD	1363613	wordpools/wasnorm_wordpool_less_exclusions.txt	LTP189	ltpFR	16	13	0	CARDINAL	244	n/a	n/a	0	n/a	n/a	n/a	n/a	n/a
2727.666	n/a	REC_WORD	1363833	wordpools/wasnorm_wordpool_less_exclusions.txt	LTP189	ltpFR	16	13	1	WITNESS	1618	n/a	n/a	1	n/a	n/a	n/a	n/a	n/a
2728.14	n/a	REC_WORD	1364070	wordpools/wasnorm_wordpool_less_exclusions.txt	LTP189	ltpFR	16	13	0	COURT	391	n/a	n/a	1	n/a	n/a	n/a	n/a	n/a
2728.648	n/a	REC_WORD	1364324	wordpools/wasnorm_wordpool_less_exclusions.txt	LTP189	ltpFR	16	13	0	SUPERVISOR	1410	n/a	n/a	1	n/a	n/a	n/a	n/a	n/a
2729.316	n/a	REC_WORD	1364658	wordpools/wasnorm_wordpool_less_exclusions.txt	LTP189	ltpFR	16	13	0	VITAMIN	1574	n/a	n/a	0	n/a	n/a	n/a	n/a	n/a
2730.224	n/a	REC_WORD	1365112	wordpools/wasnorm_wordpool_less_exclusions.txt	LTP189	ltpFR	16	13	1	ARCHITECT	36	n/a	n/a	1	n/a	n/a	n/a	n/a	n/a
2734.37	n/a	REC_WORD	1367185	wordpools/wasnorm_wordpool_less_exclusions.txt	LTP189	ltpFR	16	13	1	COMMUNITY	356	n/a	n/a	1	n/a	n/a	n/a	n/a	n/a
2735.956	n/a	REC_WORD	1367978	wordpools/wasnorm_wordpool_less_exclusions.txt	LTP189	ltpFR	16	13	0	CHICKEN	297	n/a	n/a	0	n/a	n/a	n/a	n/a	n/a
2739.942	n/a	REC_WORD	1369971	wordpools/wasnorm_wordpool_less_exclusions.txt	LTP189	ltpFR	16	13	n/a	HEN	703	n/a	n/a	n/a	n/a	n/a	n/a	n/a	n/a
2742.144	n/a	REC_WORD	1371072	wordpools/wasnorm_wordpool_less_exclusions.txt	LTP189	ltpFR	16	13	1	YOLK	1633	n/a	n/a	0	n/a	n/a	n/a	n/a	n/a
2744.024	n/a	REC_WORD	1372012	wordpools/wasnorm_wordpool_less_exclusions.txt	LTP189	ltpFR	16	13	0	WRITER	1627	n/a	n/a	0	n/a	n/a	n/a	n/a	n/a
2744.708	n/a	REC_WORD	1372354	wordpools/wasnorm_wordpool_less_exclusions.txt	LTP189	ltpFR	16	13	0	THESAURUS	1454	n/a	n/a	0	n/a	n/a	n/a	n/a	n/a
2816.488	n/a	WORD	1408244	wordpools/wasnorm_wordpool_less_exclusions.txt	LTP189	ltpFR	16	14	1	MONK	910	n/a	n/a	n/a	0.422607421875	0.5869140625	0	upper	amplitud.ttf
2819.516	n/a	SLOW_MSG	1409758	n/a	LTP189	ltpFR	16	14	n/a	n/a	n/a	n/a	n/a	n/a	n/a	n/a	n/a	n/a	n/a
2822.146	n/a	WORD	1411073	wordpools/wasnorm_wordpool_less_exclusions.txt	LTP189	ltpFR	16	14	1	WRIST	1626	n/a	n/a	0	0.422607421875	0.5869140625	0	upper	amplitud.ttf
2825.99	n/a	WORD	1412995	wordpools/wasnorm_wordpool_less_exclusions.txt	LTP189	ltpFR	16	14	1	SQUIRREL	1362	n/a	n/a	0	0.422607421875	0.5869140625	0	upper	amplitud.ttf
2830.002	n/a	WORD	1415001	wordpools/wasnorm_wordpool_less_exclusions.txt	LTP189	ltpFR	16	14	1	OTTER	986	n/a	n/a	1	0.422607421875	0.5869140625	0	upper	amplitud.ttf
2833.978	n/a	WORD	1416989	wordpools/wasnorm_wordpool_less_exclusions.txt	LTP189	ltpFR	16	14	1	LAWN	805	n/a	n/a	1	0.422607421875	0.5869140625	0	upper	amplitud.ttf
2838.14	n/a	WORD	1419070	wordpools/wasnorm_wordpool_less_exclusions.txt	LTP189	ltpFR	16	14	1	MEADOW	881	n/a	n/a	1	0.422607421875	0.5869140625	0	upper	amplitud.ttf
2842.084	n/a	WORD	1421042	wordpools/wasnorm_wordpool_less_exclusions.txt	LTP189	ltpFR	16	14	1	GARDEN	623	n/a	n/a	1	0.422607421875	0.5869140625	0	upper	amplitud.ttf
2845.978	n/a	WORD	1422989	wordpools/wasnorm_wordpool_less_exclusions.txt	LTP189	ltpFR	16	14	1	VELVET	1555	n/a	n/a	0	0.422607421875	0.5869140625	0	upper	amplitud.ttf
2849.972	n/a	WORD	1424986	wordpools/wasnorm_wordpool_less_exclusions.txt	LTP189	ltpFR	16	14	1	FEMALE	559	n/a	n/a	1	0.422607421875	0.5869140625	0	upper	amplitud.ttf
2854.016	n/a	WORD	1427008	wordpools/wasnorm_wordpool_less_exclusions.txt	LTP189	ltpFR	16	14	1	PLATE	1086	n/a	n/a	0	0.422607421875	0.5869140625	0	upper	amplitud.ttf
2858.026	n/a	WORD	1429013	wordpools/wasnorm_wordpool_less_exclusions.txt	LTP189	ltpFR	16	14	1	OATMEAL	967	n/a	n/a	0	0.422607421875	0.5869140625	0	upper	amplitud.ttf
2862.07	n/a	WORD	1431035	wordpools/wasnorm_wordpool_less_exclusions.txt	LTP189	ltpFR	16	14	1	NIECE	952	n/a	n/a	1	0.422607421875	0.5869140625	0	upper	amplitud.ttf
2866.28	n/a	WORD	1433140	wordpools/wasnorm_wordpool_less_exclusions.txt	LTP189	ltpFR	16	14	1	PILLOW	1069	n/a	n/a	0	0.422607421875	0.5869140625	0	upper	amplitud.ttf
2870.324	n/a	WORD	1435162	wordpools/wasnorm_wordpool_less_exclusions.txt	LTP189	ltpFR	16	14	1	ROSE	1212	n/a	n/a	0	0.422607421875	0.5869140625	0	upper	amplitud.ttf
2874.186	n/a	WORD	1437093	wordpools/wasnorm_wordpool_less_exclusions.txt	LTP189	ltpFR	16	14	1	TRENCH	1503	n/a	n/a	0	0.422607421875	0.5869140625	0	upper	amplitud.ttf
2878.08	n/a	WORD	1439040	wordpools/wasnorm_wordpool_less_exclusions.txt	LTP189	ltpFR	16	14	1	MISTER	901	n/a	n/a	0	0.422607421875	0.5869140625	0	upper	amplitud.ttf
2883.94	n/a	REC_START	1441970	n/a	LTP189	ltpFR	16	14	n/a	n/a	n/a	n/a	n/a	n/a	n/a	n/a	n/a	n/a	n/a
2885.072	n/a	REC_WORD	1442536	wordpools/wasnorm_wordpool_less_exclusions.txt	LTP189	ltpFR	16	14	1	MISTER	901	n/a	n/a	0	n/a	n/a	n/a	n/a	n/a
2885.566	n/a	REC_WORD	1442783	wordpools/wasnorm_wordpool_less_exclusions.txt	LTP189	ltpFR	16	14	1	TRENCH	1503	n/a	n/a	0	n/a	n/a	n/a	n/a	n/a
2886.106	n/a	REC_WORD	1443053	wordpools/wasnorm_wordpool_less_exclusions.txt	LTP189	ltpFR	16	14	1	NIECE	952	n/a	n/a	1	n/a	n/a	n/a	n/a	n/a
2887.236	n/a	REC_WORD	1443618	wordpools/wasnorm_wordpool_less_exclusions.txt	LTP189	ltpFR	16	14	1	GARDEN	623	n/a	n/a	1	n/a	n/a	n/a	n/a	n/a
2887.558	n/a	REC_WORD	1443779	wordpools/wasnorm_wordpool_less_exclusions.txt	LTP189	ltpFR	16	14	1	LAWN	805	n/a	n/a	1	n/a	n/a	n/a	n/a	n/a
2888.044	n/a	REC_WORD	1444022	wordpools/wasnorm_wordpool_less_exclusions.txt	LTP189	ltpFR	16	14	1	MEADOW	881	n/a	n/a	1	n/a	n/a	n/a	n/a	n/a
2889.732	n/a	REC_WORD	1444866	wordpools/wasnorm_wordpool_less_exclusions.txt	LTP189	ltpFR	16	14	1	MONK	910	n/a	n/a	n/a	n/a	n/a	n/a	n/a	n/a
2890.146	n/a	REC_WORD	1445073	wordpools/wasnorm_wordpool_less_exclusions.txt	LTP189	ltpFR	16	14	1	FEMALE	559	n/a	n/a	1	n/a	n/a	n/a	n/a	n/a
2890.874	n/a	REC_WORD	1445437	wordpools/wasnorm_wordpool_less_exclusions.txt	LTP189	ltpFR	16	14	1	PLATE	1086	n/a	n/a	0	n/a	n/a	n/a	n/a	n/a
2892.176	n/a	REC_WORD	1446088	wordpools/wasnorm_wordpool_less_exclusions.txt	LTP189	ltpFR	16	14	1	WRIST	1626	n/a	n/a	0	n/a	n/a	n/a	n/a	n/a
2984.172	n/a	WORD	1492086	wordpools/wasnorm_wordpool_less_exclusions.txt	LTP189	ltpFR	16	15	0	CHARCOAL	281	n/a	n/a	0	0.57763671875	0.412841796875	1	lower	zerothre.ttf
2988.266	n/a	WORD	1494133	wordpools/wasnorm_wordpool_less_exclusions.txt	LTP189	ltpFR	16	15	0	POWDER	1117	n/a	n/a	0	0.57763671875	0.412841796875	1	lower	zerothre.ttf
2992.444	n/a	WORD	1496222	wordpools/wasnorm_wordpool_less_exclusions.txt	LTP189	ltpFR	16	15	0	DOLL	481	n/a	n/a	0	0.57763671875	0.412841796875	1	lower	zerothre.ttf
2996.388	n/a	WORD	1498194	wordpools/wasnorm_wordpool_less_exclusions.txt	LTP189	ltpFR	16	15	0	CALENDAR	221	n/a	n/a	0	0.57763671875	0.412841796875	1	lower	zerothre.ttf
3000.332	n/a	WORD	1500166	wordpools/wasnorm_wordpool_less_exclusions.txt	LTP189	ltpFR	16	15	0	COAT	333	n/a	n/a	1	0.57763671875	0.412841796875	1	lower	zerothre.ttf
3004.21	n/a	WORD	1502105	wordpools/wasnorm_wordpool_less_exclusions.txt	LTP189	ltpFR	16	15	0	CAP	236	n/a	n/a	1	0.57763671875	0.412841796875	1	lower	zerothre.ttf
3008.42	n/a	WORD	1504210	wordpools/wasnorm_wordpool_less_exclusions.txt	LTP189	ltpFR	16	15	0	PUDDING	1139	n/a	n/a	0	0.57763671875	0.412841796875	1	lower	zerothre.ttf
3012.498	n/a	WORD	1506249	wordpools/wasnorm_wordpool_less_exclusions.txt	LTP189	ltpFR	16	15	0	BRAKE	166	n/a	n/a	0	0.57763671875	0.412841796875	1	lower	zerothre.ttf
3016.692	n/a	WORD	1508346	wordpools/wasnorm_wordpool_less_exclusions.txt	LTP189	ltpFR	16	15	0	CERAMICS	271	n/a	n/a	0	0.57763671875	0.412841796875	1	lower	zerothre.ttf
3020.636	n/a	WORD	1510318	wordpools/wasnorm_wordpool_less_exclusions.txt	LTP189	ltpFR	16	15	0	JELLO	754	n/a	n/a	0	0.57763671875	0.412841796875	1	lower	zerothre.ttf
3024.564	n/a	WORD	1512282	wordpools/wasnorm_wordpool_less_exclusions.txt	LTP189	ltpFR	16	15	0	ELEVATOR	524	n/a	n/a	0	0.57763671875	0.412841796875	1	lower	zerothre.ttf
3028.492	n/a	WORD	1514246	wordpools/wasnorm_wordpool_less_exclusions.txt	LTP189	ltpFR	16	15	0	STAIRS	1367	n/a	n/a	1	0.57763671875	0.412841796875	1	lower	zerothre.ttf
3032.452	n/a	WORD	1516226	wordpools/wasnorm_wordpool_less_exclusions.txt	LTP189	ltpFR	16	15	0	PRIMATE	1123	n/a	n/a	0	0.57763671875	0.412841796875	1	lower	zerothre.ttf
3036.462	n/a	WORD	1518231	wordpools/wasnorm_wordpool_less_exclusions.txt	LTP189	ltpFR	16	15	0	BUS	201	n/a	n/a	1	0.57763671875	0.412841796875	1	lower	zerothre.ttf
3040.59	n/a	WORD	1520295	wordpools/wasnorm_wordpool_less_exclusions.txt	LTP189	ltpFR	16	15	0	SERVER	1272	n/a	n/a	1	0.57763671875	0.412841796875	1	lower	zerothre.ttf
3044.618	n/a	WORD	1522309	wordpools/wasnorm_wordpool_less_exclusions.txt	LTP189	ltpFR	16	15	0	MARKET	871	n/a	n/a	0	0.57763671875	0.412841796875	1	lower	zerothre.ttf
3050.442	n/a	REC_START	1525221	n/a	LTP189	ltpFR	16	15	n/a	n/a	n/a	n/a	n/a	n/a	n/a	n/a	n/a	n/a	n/a
3052.762	n/a	REC_WORD	1526381	wordpools/wasnorm_wordpool_less_exclusions.txt	LTP189	ltpFR	16	15	0	MARKET	871	n/a	n/a	0	n/a	n/a	n/a	n/a	n/a
3054.286	n/a	REC_WORD	1527143	wordpools/wasnorm_wordpool_less_exclusions.txt	LTP189	ltpFR	16	15	0	BRAKE	166	n/a	n/a	0	n/a	n/a	n/a	n/a	n/a
3054.718	n/a	REC_WORD	1527359	wordpools/wasnorm_wordpool_less_exclusions.txt	LTP189	ltpFR	16	15	0	POWDER	1117	n/a	n/a	0	n/a	n/a	n/a	n/a	n/a
3055.256	n/a	REC_WORD	1527628	wordpools/wasnorm_wordpool_less_exclusions.txt	LTP189	ltpFR	16	15	0	DOLL	481	n/a	n/a	0	n/a	n/a	n/a	n/a	n/a
3055.796	n/a	REC_WORD	1527898	wordpools/wasnorm_wordpool_less_exclusions.txt	LTP189	ltpFR	16	15	0	CALENDAR	221	n/a	n/a	0	n/a	n/a	n/a	n/a	n/a
3058.598	n/a	REC_WORD	1529299	wordpools/wasnorm_wordpool_less_exclusions.txt	LTP189	ltpFR	16	15	0	BUS	201	n/a	n/a	1	n/a	n/a	n/a	n/a	n/a
3059.782	n/a	REC_WORD	1529891	wordpools/wasnorm_wordpool_less_exclusions.txt	LTP189	ltpFR	16	15	0	PASSENGER	1020	n/a	n/a	1	n/a	n/a	n/a	n/a	n/a
3075.002	n/a	REC_WORD_VV	1537501	wordpools/wasnorm_wordpool_less_exclusions.txt	LTP189	ltpFR	16	15	n/a	<>	-1	n/a	n/a	n/a	n/a	n/a	n/a	n/a	n/a
3163.524	n/a	WORD	1581762	wordpools/wasnorm_wordpool_less_exclusions.txt	LTP189	ltpFR	16	16	-1	LIST	830	n/a	n/a	-1	1.0	1.0	1	upper	Verdana.ttf
3167.618	n/a	WORD	1583809	wordpools/wasnorm_wordpool_less_exclusions.txt	LTP189	ltpFR	16	16	-1	SKI	1316	n/a	n/a	-1	1.0	1.0	1	upper	Verdana.ttf
3171.696	n/a	WORD	1585848	wordpools/wasnorm_wordpool_less_exclusions.txt	LTP189	ltpFR	16	16	-1	MOUNTAIN	924	n/a	n/a	-1	1.0	1.0	1	upper	Verdana.ttf
3175.74	n/a	WORD	1587870	wordpools/wasnorm_wordpool_less_exclusions.txt	LTP189	ltpFR	16	16	-1	BUG	187	n/a	n/a	-1	1.0	1.0	1	upper	Verdana.ttf
3179.634	n/a	WORD	1589817	wordpools/wasnorm_wordpool_less_exclusions.txt	LTP189	ltpFR	16	16	-1	FACTORY	548	n/a	n/a	-1	1.0	1.0	1	upper	Verdana.ttf
3183.694	n/a	WORD	1591847	wordpools/wasnorm_wordpool_less_exclusions.txt	LTP189	ltpFR	16	16	-1	SCOUT	1252	n/a	n/a	-1	1.0	1.0	1	upper	Verdana.ttf
3187.638	n/a	WORD	1593819	wordpools/wasnorm_wordpool_less_exclusions.txt	LTP189	ltpFR	16	16	-1	REPORT	1184	n/a	n/a	-1	1.0	1.0	1	upper	Verdana.ttf
3191.766	n/a	WORD	1595883	wordpools/wasnorm_wordpool_less_exclusions.txt	LTP189	ltpFR	16	16	-1	ROOST	1208	n/a	n/a	-1	1.0	1.0	1	upper	Verdana.ttf
3195.744	n/a	WORD	1597872	wordpools/wasnorm_wordpool_less_exclusions.txt	LTP189	ltpFR	16	16	-1	GAZELLE	628	n/a	n/a	-1	1.0	1.0	1	upper	Verdana.ttf
3199.82	n/a	WORD	1599910	wordpools/wasnorm_wordpool_less_exclusions.txt	LTP189	ltpFR	16	16	-1	STRAWBERRY	1391	n/a	n/a	-1	1.0	1.0	1	upper	Verdana.ttf
3203.932	n/a	WORD	1601966	wordpools/wasnorm_wordpool_less_exclusions.txt	LTP189	ltpFR	16	16	-1	CREAM	402	n/a	n/a	-1	1.0	1.0	1	upper	Verdana.ttf
3208.092	n/a	WORD	1604046	wordpools/wasnorm_wordpool_less_exclusions.txt	LTP189	ltpFR	16	16	-1	GARLIC	624	n/a	n/a	-1	1.0	1.0	1	upper	Verdana.ttf
3212.02	n/a	WORD	1606010	wordpools/wasnorm_wordpool_less_exclusions.txt	LTP189	ltpFR	16	16	-1	MOTH	920	n/a	n/a	-1	1.0	1.0	1	upper	Verdana.ttf
3215.964	n/a	WORD	1607982	wordpools/wasnorm_wordpool_less_exclusions.txt	LTP189	ltpFR	16	16	-1	COMMANDER	354	n/a	n/a	-1	1.0	1.0	1	upper	Verdana.ttf
3220.024	n/a	WORD	1610012	wordpools/wasnorm_wordpool_less_exclusions.txt	LTP189	ltpFR	16	16	-1	FOLLOWER	589	n/a	n/a	-1	1.0	1.0	1	upper	Verdana.ttf
3223.952	n/a	WORD	1611976	wordpools/wasnorm_wordpool_less_exclusions.txt	LTP189	ltpFR	16	16	-1	BRUNETTE	181	n/a	n/a	-1	1.0	1.0	1	upper	Verdana.ttf
3229.744	n/a	REC_START	1614872	n/a	LTP189	ltpFR	16	16	n/a	n/a	n/a	n/a	n/a	n/a	n/a	n/a	n/a	n/a	n/a
3231.754	n/a	REC_WORD	1615877	wordpools/wasnorm_wordpool_less_exclusions.txt	LTP189	ltpFR	16	16	-1	BRUNETTE	181	n/a	n/a	-1	n/a	n/a	n/a	n/a	n/a
3232.068	n/a	REC_WORD	1616034	wordpools/wasnorm_wordpool_less_exclusions.txt	LTP189	ltpFR	16	16	-1	FOLLOWER	589	n/a	n/a	-1	n/a	n/a	n/a	n/a	n/a
3232.622	n/a	REC_WORD	1616311	wordpools/wasnorm_wordpool_less_exclusions.txt	LTP189	ltpFR	16	16	-1	COMMANDER	354	n/a	n/a	-1	n/a	n/a	n/a	n/a	n/a
3248.184	n/a	REC_WORD	1624092	wordpools/wasnorm_wordpool_less_exclusions.txt	LTP189	ltpFR	16	16	-1	SKI	1316	n/a	n/a	-1	n/a	n/a	n/a	n/a	n/a
3249.366	n/a	REC_WORD	1624683	wordpools/wasnorm_wordpool_less_exclusions.txt	LTP189	ltpFR	16	16	-1	MOUNTAIN	924	n/a	n/a	-1	n/a	n/a	n/a	n/a	n/a
3250.558	n/a	REC_WORD	1625279	wordpools/wasnorm_wordpool_less_exclusions.txt	LTP189	ltpFR	16	16	-1	GAZELLE	628	n/a	n/a	-1	n/a	n/a	n/a	n/a	n/a
3251.276	n/a	REC_WORD	1625638	wordpools/wasnorm_wordpool_less_exclusions.txt	LTP189	ltpFR	16	16	-1	GARLIC	624	n/a	n/a	-1	n/a	n/a	n/a	n/a	n/a
3253.486	n/a	REC_WORD	1626743	wordpools/wasnorm_wordpool_less_exclusions.txt	LTP189	ltpFR	16	16	n/a	BERRY	122	n/a	n/a	n/a	n/a	n/a	n/a	n/a	n/a
3254.04	n/a	REC_WORD	1627020	wordpools/wasnorm_wordpool_less_exclusions.txt	LTP189	ltpFR	16	16	-1	CREAM	402	n/a	n/a	-1	n/a	n/a	n/a	n/a	n/a
3254.974	n/a	REC_WORD_VV	1627487	wordpools/wasnorm_wordpool_less_exclusions.txt	LTP189	ltpFR	16	16	n/a	<>	-1	n/a	n/a	n/a	n/a	n/a	n/a	n/a	n/a
3258.44	n/a	REC_WORD	1629220	wordpools/wasnorm_wordpool_less_exclusions.txt	LTP189	ltpFR	16	16	n/a	BERRY	122	n/a	n/a	n/a	n/a	n/a	n/a	n/a	n/a
3259.912	n/a	REC_WORD	1629956	wordpools/wasnorm_wordpool_less_exclusions.txt	LTP189	ltpFR	16	16	-1	STRAWBERRY	1391	n/a	n/a	-1	n/a	n/a	n/a	n/a	n/a
3260.912	n/a	REC_WORD_VV	1630456	wordpools/wasnorm_wordpool_less_exclusions.txt	LTP189	ltpFR	16	16	n/a	<>	-1	n/a	n/a	n/a	n/a	n/a	n/a	n/a	n/a
3267.04	n/a	REC_WORD	1633520	wordpools/wasnorm_wordpool_less_exclusions.txt	LTP189	ltpFR	16	16	-1	SCOUT	1252	n/a	n/a	-1	n/a	n/a	n/a	n/a	n/a
3274.768	n/a	REC_WORD	1637384	wordpools/wasnorm_wordpool_less_exclusions.txt	LTP189	ltpFR	16	16	-1	LIST	830	n/a	n/a	-1	n/a	n/a	n/a	n/a	n/a
3275.76	n/a	REC_WORD	1637880	wordpools/wasnorm_wordpool_less_exclusions.txt	LTP189	ltpFR	16	16	-1	REPORT	1184	n/a	n/a	-1	n/a	n/a	n/a	n/a	n/a
3321.99	n/a	REC_START	1660995	n/a	LTP189	ltpFR	16	n/a	n/a	n/a	n/a	n/a	n/a	n/a	n/a	n/a	n/a	n/a	n/a
3322.992	n/a	FFR_REC_WORD	1661496	wordpools/wasnorm_wordpool_less_exclusions.txt	LTP189	ltpFR	16	n/a	-1	SKI	1316	n/a	n/a	-1	n/a	n/a	n/a	n/a	n/a
3323.498	n/a	FFR_REC_WORD	1661749	wordpools/wasnorm_wordpool_less_exclusions.txt	LTP189	ltpFR	16	n/a	-1	MOUNTAIN	924	n/a	n/a	-1	n/a	n/a	n/a	n/a	n/a
3324.0	n/a	FFR_REC_WORD	1662000	wordpools/wasnorm_wordpool_less_exclusions.txt	LTP189	ltpFR	16	n/a	-1	GAZELLE	628	n/a	n/a	-1	n/a	n/a	n/a	n/a	n/a
3325.348	n/a	FFR_REC_WORD	1662674	wordpools/wasnorm_wordpool_less_exclusions.txt	LTP189	ltpFR	16	n/a	n/a	ROOSTER	1209	n/a	n/a	n/a	n/a	n/a	n/a	n/a	n/a
3327.108	n/a	FFR_REC_WORD	1663554	wordpools/wasnorm_wordpool_less_exclusions.txt	LTP189	ltpFR	16	n/a	0	BOULEVARD	156	n/a	n/a	1	n/a	n/a	n/a	n/a	n/a
3329.168	n/a	FFR_REC_WORD	1664584	wordpools/wasnorm_wordpool_less_exclusions.txt	LTP189	ltpFR	16	n/a	1	NIECE	952	n/a	n/a	1	n/a	n/a	n/a	n/a	n/a
3330.336	n/a	FFR_REC_WORD	1665168	wordpools/wasnorm_wordpool_less_exclusions.txt	LTP189	ltpFR	16	n/a	1	SISTER	1312	n/a	n/a	0	n/a	n/a	n/a	n/a	n/a
3331.164	n/a	FFR_REC_WORD	1665582	wordpools/wasnorm_wordpool_less_exclusions.txt	LTP189	ltpFR	16	n/a	1	SIBLING	1301	n/a	n/a	1	n/a	n/a	n/a	n/a	n/a
3333.654	n/a	FFR_REC_WORD	1666827	wordpools/wasnorm_wordpool_less_exclusions.txt	LTP189	ltpFR	16	n/a	1	HARE	688	n/a	n/a	0	n/a	n/a	n/a	n/a	n/a
3334.288	n/a	FFR_REC_WORD	1667144	wordpools/wasnorm_wordpool_less_exclusions.txt	LTP189	ltpFR	16	n/a	1	SAW	1239	n/a	n/a	0	n/a	n/a	n/a	n/a	n/a
3335.634	n/a	FFR_REC_WORD	1667817	wordpools/wasnorm_wordpool_less_exclusions.txt	LTP189	ltpFR	16	n/a	n/a	ROOSTER	1209	n/a	n/a	n/a	n/a	n/a	n/a	n/a	n/a
3336.318	n/a	FFR_REC_WORD	1668159	wordpools/wasnorm_wordpool_less_exclusions.txt	LTP189	ltpFR	16	n/a	1	OLIVE	975	n/a	n/a	1	n/a	n/a	n/a	n/a	n/a
3337.306	n/a	FFR_REC_WORD	1668653	wordpools/wasnorm_wordpool_less_exclusions.txt	LTP189	ltpFR	16	n/a	0	CANVAS	234	n/a	n/a	1	n/a	n/a	n/a	n/a	n/a
3338.048	n/a	FFR_REC_WORD	1669024	wordpools/wasnorm_wordpool_less_exclusions.txt	LTP189	ltpFR	16	n/a	1	SANDPAPER	1231	n/a	n/a	0	n/a	n/a	n/a	n/a	n/a
3339.934	n/a	FFR_REC_WORD	1669967	wordpools/wasnorm_wordpool_less_exclusions.txt	LTP189	ltpFR	16	n/a	0	WALRUS	1585	n/a	n/a	1	n/a	n/a	n/a	n/a	n/a
3340.842	n/a	FFR_REC_WORD	1670421	wordpools/wasnorm_wordpool_less_exclusions.txt	LTP189	ltpFR	16	n/a	1	COYOTE	396	n/a	n/a	1	n/a	n/a	n/a	n/a	n/a
3341.586	n/a	FFR_REC_WORD	1670793	wordpools/wasnorm_wordpool_less_exclusions.txt	LTP189	ltpFR	16	n/a	0	STREAM	1392	n/a	n/a	1	n/a	n/a	n/a	n/a	n/a
3342.774	n/a	FFR_REC_WORD	1671387	wordpools/wasnorm_wordpool_less_exclusions.txt	LTP189	ltpFR	16	n/a	0	POOL	1103	n/a	n/a	0	n/a	n/a	n/a	n/a	n/a
3345.532	n/a	FFR_REC_WORD	1672766	wordpools/wasnorm_wordpool_less_exclusions.txt	LTP189	ltpFR	16	n/a	0	BRAKE	166	n/a	n/a	0	n/a	n/a	n/a	n/a	n/a
3347.448	n/a	FFR_REC_WORD	1673724	wordpools/wasnorm_wordpool_less_exclusions.txt	LTP189	ltpFR	16	n/a	-1	LIMOUSINE	824	n/a	n/a	-1	n/a	n/a	n/a	n/a	n/a
3349.578	n/a	FFR_REC_WORD	1674789	wordpools/wasnorm_wordpool_less_exclusions.txt	LTP189	ltpFR	16	n/a	-1	DEPUTY	450	n/a	n/a	-1	n/a	n/a	n/a	n/a	n/a
3351.294	n/a	FFR_REC_WORD	1675647	wordpools/wasnorm_wordpool_less_exclusions.txt	LTP189	ltpFR	16	n/a	-1	BEVERAGE	123	n/a	n/a	-1	n/a	n/a	n/a	n/a	n/a
3352.196	n/a	FFR_REC_WORD	1676098	wordpools/wasnorm_wordpool_less_exclusions.txt	LTP189	ltpFR	16	n/a	-1	MUG	930	n/a	n/a	-1	n/a	n/a	n/a	n/a	n/a
3353.608	n/a	FFR_REC_WORD	1676804	wordpools/wasnorm_wordpool_less_exclusions.txt	LTP189	ltpFR	16	n/a	-1	COCKTAIL	338	n/a	n/a	-1	n/a	n/a	n/a	n/a	n/a
3354.452	n/a	FFR_REC_WORD	1677226	wordpools/wasnorm_wordpool_less_exclusions.txt	LTP189	ltpFR	16	n/a	-1	GLASS	639	n/a	n/a	-1	n/a	n/a	n/a	n/a	n/a
3357.314	n/a	FFR_REC_WORD	1678657	wordpools/wasnorm_wordpool_less_exclusions.txt	LTP189	ltpFR	16	n/a	-1	FACTORY	548	n/a	n/a	-1	n/a	n/a	n/a	n/a	n/a
3369.292	n/a	FFR_REC_WORD	1684646	wordpools/wasnorm_wordpool_less_exclusions.txt	LTP189	ltpFR	16	n/a	-1	LIMOUSINE	824	n/a	n/a	-1	n/a	n/a	n/a	n/a	n/a
3373.124	n/a	FFR_REC_WORD	1686562	wordpools/wasnorm_wordpool_less_exclusions.txt	LTP189	ltpFR	16	n/a	1	YOLK	1633	n/a	n/a	0	n/a	n/a	n/a	n/a	n/a
3373.558	n/a	FFR_REC_WORD	1686779	wordpools/wasnorm_wordpool_less_exclusions.txt	LTP189	ltpFR	16	n/a	0	THESAURUS	1454	n/a	n/a	0	n/a	n/a	n/a	n/a	n/a
3374.47	n/a	FFR_REC_WORD	1687235	wordpools/wasnorm_wordpool_less_exclusions.txt	LTP189	ltpFR	16	n/a	0	WRITER	1627	n/a	n/a	0	n/a	n/a	n/a	n/a	n/a
3376.278	n/a	FFR_REC_WORD	1688139	wordpools/wasnorm_wordpool_less_exclusions.txt	LTP189	ltpFR	16	n/a	n/a	ROOSTER	1209	n/a	n/a	n/a	n/a	n/a	n/a	n/a	n/a
3378.304	n/a	FFR_REC_WORD	1689152	wordpools/wasnorm_wordpool_less_exclusions.txt	LTP189	ltpFR	16	n/a	1	BARN	89	n/a	n/a	0	n/a	n/a	n/a	n/a	n/a
3378.812	n/a	FFR_REC_WORD	1689406	wordpools/wasnorm_wordpool_less_exclusions.txt	LTP189	ltpFR	16	n/a	n/a	CANNON	232	n/a	n/a	n/a	n/a	n/a	n/a	n/a	n/a
3380.09	n/a	FFR_REC_WORD	1690045	wordpools/wasnorm_wordpool_less_exclusions.txt	LTP189	ltpFR	16	n/a	1	CHIEF	298	n/a	n/a	1	n/a	n/a	n/a	n/a	n/a
3381.256	n/a	FFR_REC_WORD	1690628	wordpools/wasnorm_wordpool_less_exclusions.txt	LTP189	ltpFR	16	n/a	1	OX	994	n/a	n/a	1	n/a	n/a	n/a	n/a	n/a
3382.174	n/a	FFR_REC_WORD	1691087	wordpools/wasnorm_wordpool_less_exclusions.txt	LTP189	ltpFR	16	n/a	1	VET	1560	n/a	n/a	1	n/a	n/a	n/a	n/a	n/a
3387.802	n/a	FFR_REC_WORD	1693901	wordpools/wasnorm_wordpool_less_exclusions.txt	LTP189	ltpFR	16	n/a	1	HOUND	724	n/a	n/a	0	n/a	n/a	n/a	n/a	n/a
3391.464	n/a	FFR_REC_WORD	1695732	wordpools/wasnorm_wordpool_less_exclusions.txt	LTP189	ltpFR	16	n/a	1	TAIL	1430	n/a	n/a	0	n/a	n/a	n/a	n/a	n/a
3393.528	n/a	FFR_REC_WORD	1696764	wordpools/wasnorm_wordpool_less_exclusions.txt	LTP189	ltpFR	16	n/a	1	BONE	148	n/a	n/a	0	n/a	n/a	n/a	n/a	n/a
3397.046	n/a	FFR_REC_WORD	1698523	wordpools/wasnorm_wordpool_less_exclusions.txt	LTP189	ltpFR	16	n/a	1	BARK	87	n/a	n/a	0	n/a	n/a	n/a	n/a	n/a
3404.428	n/a	FFR_REC_WORD	1702214	wordpools/wasnorm_wordpool_less_exclusions.txt	LTP189	ltpFR	16	n/a	0	ISLAND	745	n/a	n/a	1	n/a	n/a	n/a	n/a	n/a
3406.614	n/a	FFR_REC_WORD	1703307	wordpools/wasnorm_wordpool_less_exclusions.txt	LTP189	ltpFR	16	n/a	0	PLUMBER	1091	n/a	n/a	1	n/a	n/a	n/a	n/a	n/a
3408.724	n/a	FFR_REC_WORD	1704362	wordpools/wasnorm_wordpool_less_exclusions.txt	LTP189	ltpFR	16	n/a	0	UNDERWEAR	1537	n/a	n/a	0	n/a	n/a	n/a	n/a	n/a
3414.86	n/a	FFR_REC_WORD	1707430	wordpools/wasnorm_wordpool_less_exclusions.txt	LTP189	ltpFR	16	n/a	0	DUST	508	n/a	n/a	1	n/a	n/a	n/a	n/a	n/a
3628.768	n/a	REC_START	1814384	n/a	LTP189	ltpFR	16	1	n/a	n/a	n/a	n/a	n/a	n/a	n/a	n/a	n/a	n/a	n/a
3628.804	n/a	RECOG_TARGET	1814402	n/a	LTP189	ltpFR	16	1	-1	ROOST	1208	1	4	-1	n/a	n/a	n/a	n/a	n/a
3631.304	n/a	RECOG_RESP	1815652	n/a	LTP189	ltpFR	16	1	-1	ROOST	1208	1	n/a	-1	n/a	n/a	n/a	n/a	n/a
3632.716	n/a	RECOG_CONF	1816358	n/a	LTP189	ltpFR	16	1	-1	ROOST	1208	n/a	4	-1	n/a	n/a	n/a	n/a	n/a
3634.66	n/a	RECOG_LURE	1817330	n/a	LTP189	ltpFR	16	1	n/a	MICROPHONE	890	0	4	n/a	n/a	n/a	n/a	n/a	n/a
3635.444	n/a	RECOG_RESP	1817722	n/a	LTP189	ltpFR	16	1	n/a	MICROPHONE	890	0	n/a	n/a	n/a	n/a	n/a	n/a	n/a
3636.15	n/a	RECOG_CONF	1818075	n/a	LTP189	ltpFR	16	1	n/a	MICROPHONE	890	n/a	4	n/a	n/a	n/a	n/a	n/a	n/a
3637.872	n/a	RECOG_TARGET	1818936	n/a	LTP189	ltpFR	16	1	1	VISITOR	1573	1	4	3	n/a	n/a	n/a	n/a	n/a
3638.518	n/a	RECOG_RESP	1819259	n/a	LTP189	ltpFR	16	1	1	VISITOR	1573	1	n/a	3	n/a	n/a	n/a	n/a	n/a
3639.158	n/a	RECOG_CONF	1819579	n/a	LTP189	ltpFR	16	1	1	VISITOR	1573	n/a	4	3	n/a	n/a	n/a	n/a	n/a
3640.77	n/a	RECOG_TARGET	1820385	n/a	LTP189	ltpFR	16	1	1	TORTOISE	1486	1	5	1	n/a	n/a	n/a	n/a	n/a
3641.584	n/a	RECOG_RESP	1820792	n/a	LTP189	ltpFR	16	1	1	TORTOISE	1486	1	n/a	1	n/a	n/a	n/a	n/a	n/a
3642.202	n/a	RECOG_CONF	1821101	n/a	LTP189	ltpFR	16	1	1	TORTOISE	1486	n/a	5	1	n/a	n/a	n/a	n/a	n/a
3643.864	n/a	RECOG_TARGET	1821932	n/a	LTP189	ltpFR	16	1	0	CURB	426	1	4	0	n/a	n/a	n/a	n/a	n/a
3644.512	n/a	RECOG_RESP	1822256	n/a	LTP189	ltpFR	16	1	0	CURB	426	1	n/a	0	n/a	n/a	n/a	n/a	n/a
3645.096	n/a	RECOG_CONF	1822548	n/a	LTP189	ltpFR	16	1	0	CURB	426	n/a	4	0	n/a	n/a	n/a	n/a	n/a
3646.692	n/a	RECOG_TARGET	1823346	n/a	LTP189	ltpFR	16	1	0	COLUMN	350	1	4	1	n/a	n/a	n/a	n/a	n/a
3647.272	n/a	RECOG_RESP	1823636	n/a	LTP189	ltpFR	16	1	0	COLUMN	350	1	n/a	1	n/a	n/a	n/a	n/a	n/a
3647.882	n/a	RECOG_CONF	1823941	n/a	LTP189	ltpFR	16	1	0	COLUMN	350	n/a	4	1	n/a	n/a	n/a	n/a	n/a
3649.672	n/a	RECOG_LURE	1824836	n/a	LTP189	ltpFR	16	1	n/a	LAGOON	795	0	5	n/a	n/a	n/a	n/a	n/a	n/a
3650.364	n/a	RECOG_RESP	1825182	n/a	LTP189	ltpFR	16	1	n/a	LAGOON	795	0	n/a	n/a	n/a	n/a	n/a	n/a	n/a
3650.908	n/a	RECOG_CONF	1825454	n/a	LTP189	ltpFR	16	1	n/a	LAGOON	795	n/a	5	n/a	n/a	n/a	n/a	n/a	n/a
3652.7	n/a	RECOG_TARGET	1826350	n/a	LTP189	ltpFR	16	1	-1	JAW	751	0	4	-1	n/a	n/a	n/a	n/a	n/a
3653.32	n/a	RECOG_RESP	1826660	n/a	LTP189	ltpFR	16	1	-1	JAW	751	0	n/a	-1	n/a	n/a	n/a	n/a	n/a
3653.872	n/a	RECOG_CONF	1826936	n/a	LTP189	ltpFR	16	1	-1	JAW	751	n/a	4	-1	n/a	n/a	n/a	n/a	n/a
3655.646	n/a	RECOG_LURE	1827823	n/a	LTP189	ltpFR	16	1	n/a	REFRIGERATOR	1179	0	4	n/a	n/a	n/a	n/a	n/a	n/a
3656.46	n/a	RECOG_RESP	1828230	n/a	LTP189	ltpFR	16	1	n/a	REFRIGERATOR	1179	0	n/a	n/a	n/a	n/a	n/a	n/a	n/a
3656.982	n/a	RECOG_CONF	1828491	n/a	LTP189	ltpFR	16	1	n/a	REFRIGERATOR	1179	n/a	4	n/a	n/a	n/a	n/a	n/a	n/a
3658.744	n/a	RECOG_TARGET	1829372	n/a	LTP189	ltpFR	16	1	1	COMMUNITY	356	1	4	1	n/a	n/a	n/a	n/a	n/a
3659.446	n/a	RECOG_RESP	1829723	n/a	LTP189	ltpFR	16	1	1	COMMUNITY	356	1	n/a	1	n/a	n/a	n/a	n/a	n/a
3659.978	n/a	RECOG_CONF	1829989	n/a	LTP189	ltpFR	16	1	1	COMMUNITY	356	n/a	4	1	n/a	n/a	n/a	n/a	n/a
3661.688	n/a	RECOG_LURE	1830844	n/a	LTP189	ltpFR	16	1	n/a	MOTORCYCLE	923	0	4	n/a	n/a	n/a	n/a	n/a	n/a
3662.986	n/a	RECOG_RESP	1831493	n/a	LTP189	ltpFR	16	1	n/a	MOTORCYCLE	923	0	n/a	n/a	n/a	n/a	n/a	n/a	n/a
3663.518	n/a	RECOG_CONF	1831759	n/a	LTP189	ltpFR	16	1	n/a	MOTORCYCLE	923	n/a	4	n/a	n/a	n/a	n/a	n/a	n/a
3665.316	n/a	RECOG_TARGET	1832658	n/a	LTP189	ltpFR	16	1	1	OLIVE	975	1	5	1	n/a	n/a	n/a	n/a	n/a
3666.124	n/a	RECOG_RESP	1833062	n/a	LTP189	ltpFR	16	1	1	OLIVE	975	1	n/a	1	n/a	n/a	n/a	n/a	n/a
3666.776	n/a	RECOG_CONF	1833388	n/a	LTP189	ltpFR	16	1	1	OLIVE	975	n/a	5	1	n/a	n/a	n/a	n/a	n/a
3668.412	n/a	RECOG_LURE	1834206	n/a	LTP189	ltpFR	16	1	n/a	TANGERINE	1431	0	4	n/a	n/a	n/a	n/a	n/a	n/a
3669.388	n/a	RECOG_RESP	1834694	n/a	LTP189	ltpFR	16	1	n/a	TANGERINE	1431	0	n/a	n/a	n/a	n/a	n/a	n/a	n/a
3670.274	n/a	RECOG_CONF	1835137	n/a	LTP189	ltpFR	16	1	n/a	TANGERINE	1431	n/a	4	n/a	n/a	n/a	n/a	n/a	n/a
3671.956	n/a	RECOG_LURE	1835978	n/a	LTP189	ltpFR	16	1	n/a	WHISKERS	1605	0	4	n/a	n/a	n/a	n/a	n/a	n/a
3672.814	n/a	RECOG_RESP	1836407	n/a	LTP189	ltpFR	16	1	n/a	WHISKERS	1605	0	n/a	n/a	n/a	n/a	n/a	n/a	n/a
3673.456	n/a	RECOG_CONF	1836728	n/a	LTP189	ltpFR	16	1	n/a	WHISKERS	1605	n/a	4	n/a	n/a	n/a	n/a	n/a	n/a
3675.184	n/a	RECOG_TARGET	1837592	n/a	LTP189	ltpFR	16	1	0	PARTY	1018	1	4	1	n/a	n/a	n/a	n/a	n/a
3676.07	n/a	RECOG_RESP	1838035	n/a	LTP189	ltpFR	16	1	0	PARTY	1018	1	n/a	1	n/a	n/a	n/a	n/a	n/a
3676.674	n/a	RECOG_CONF	1838337	n/a	LTP189	ltpFR	16	1	0	PARTY	1018	n/a	4	1	n/a	n/a	n/a	n/a	n/a
3678.412	n/a	RECOG_TARGET	1839206	n/a	LTP189	ltpFR	16	1	-1	SKI	1316	1	5	-1	n/a	n/a	n/a	n/a	n/a
3679.078	n/a	RECOG_RESP	1839539	n/a	LTP189	ltpFR	16	1	-1	SKI	1316	1	n/a	-1	n/a	n/a	n/a	n/a	n/a
3679.708	n/a	RECOG_CONF	1839854	n/a	LTP189	ltpFR	16	1	-1	SKI	1316	n/a	5	-1	n/a	n/a	n/a	n/a	n/a
3681.308	n/a	RECOG_LURE	1840654	n/a	LTP189	ltpFR	16	1	n/a	CHALK	276	1	4	n/a	n/a	n/a	n/a	n/a	n/a
3681.952	n/a	RECOG_RESP	1840976	n/a	LTP189	ltpFR	16	1	n/a	CHALK	276	1	n/a	n/a	n/a	n/a	n/a	n/a	n/a
3682.52	n/a	RECOG_CONF	1841260	n/a	LTP189	ltpFR	16	1	n/a	CHALK	276	n/a	4	n/a	n/a	n/a	n/a	n/a	n/a
3684.12	n/a	RECOG_LURE	1842060	n/a	LTP189	ltpFR	16	1	n/a	CIGAR	308	0	3	n/a	n/a	n/a	n/a	n/a	n/a
3685.684	n/a	RECOG_RESP	1842842	n/a	LTP189	ltpFR	16	1	n/a	CIGAR	308	0	n/a	n/a	n/a	n/a	n/a	n/a	n/a
3686.568	n/a	RECOG_CONF	1843284	n/a	LTP189	ltpFR	16	1	n/a	CIGAR	308	n/a	3	n/a	n/a	n/a	n/a	n/a	n/a
3688.114	n/a	RECOG_TARGET	1844057	n/a	LTP189	ltpFR	16	1	1	CRICKET	408	1	4	1	n/a	n/a	n/a	n/a	n/a
3689.198	n/a	RECOG_RESP	1844599	n/a	LTP189	ltpFR	16	1	1	CRICKET	408	1	n/a	1	n/a	n/a	n/a	n/a	n/a
3689.994	n/a	RECOG_CONF	1844997	n/a	LTP189	ltpFR	16	1	1	CRICKET	408	n/a	4	1	n/a	n/a	n/a	n/a	n/a
3691.526	n/a	RECOG_TARGET	1845763	n/a	LTP189	ltpFR	16	1	-1	REPORT	1184	1	4	-1	n/a	n/a	n/a	n/a	n/a
3692.2	n/a	RECOG_RESP	1846100	n/a	LTP189	ltpFR	16	1	-1	REPORT	1184	1	n/a	-1	n/a	n/a	n/a	n/a	n/a
3692.868	n/a	RECOG_CONF	1846434	n/a	LTP189	ltpFR	16	1	-1	REPORT	1184	n/a	4	-1	n/a	n/a	n/a	n/a	n/a
3719.142	n/a	REC_START	1859571	n/a	LTP189	ltpFR	16	2	n/a	n/a	n/a	n/a	n/a	n/a	n/a	n/a	n/a	n/a	n/a
3719.168	n/a	RECOG_TARGET	1859584	n/a	LTP189	ltpFR	16	2	-1	BRUNETTE	181	1	4	-1	n/a	n/a	n/a	n/a	n/a
3719.78	n/a	RECOG_RESP	1859890	n/a	LTP189	ltpFR	16	2	-1	BRUNETTE	181	1	n/a	-1	n/a	n/a	n/a	n/a	n/a
3720.332	n/a	RECOG_CONF	1860166	n/a	LTP189	ltpFR	16	2	-1	BRUNETTE	181	n/a	4	-1	n/a	n/a	n/a	n/a	n/a
3721.914	n/a	RECOG_TARGET	1860957	n/a	LTP189	ltpFR	16	2	0	MEAL	882	0	4	0	n/a	n/a	n/a	n/a	n/a
3722.566	n/a	RECOG_RESP	1861283	n/a	LTP189	ltpFR	16	2	0	MEAL	882	0	n/a	0	n/a	n/a	n/a	n/a	n/a
3723.048	n/a	RECOG_CONF	1861524	n/a	LTP189	ltpFR	16	2	0	MEAL	882	n/a	4	0	n/a	n/a	n/a	n/a	n/a
3724.644	n/a	RECOG_LURE	1862322	n/a	LTP189	ltpFR	16	2	n/a	DOUGH	489	0	3	n/a	n/a	n/a	n/a	n/a	n/a
3726.116	n/a	RECOG_RESP	1863058	n/a	LTP189	ltpFR	16	2	n/a	DOUGH	489	0	n/a	n/a	n/a	n/a	n/a	n/a	n/a
3726.64	n/a	RECOG_CONF	1863320	n/a	LTP189	ltpFR	16	2	n/a	DOUGH	489	n/a	3	n/a	n/a	n/a	n/a	n/a	n/a
3728.322	n/a	RECOG_LURE	1864161	n/a	LTP189	ltpFR	16	2	n/a	BAY	102	0	3	n/a	n/a	n/a	n/a	n/a	n/a
3729.576	n/a	RECOG_RESP	1864788	n/a	LTP189	ltpFR	16	2	n/a	BAY	102	0	n/a	n/a	n/a	n/a	n/a	n/a	n/a
3730.244	n/a	RECOG_CONF	1865122	n/a	LTP189	ltpFR	16	2	n/a	BAY	102	n/a	3	n/a	n/a	n/a	n/a	n/a	n/a
3731.918	n/a	RECOG_TARGET	1865959	n/a	LTP189	ltpFR	16	2	0	CALENDAR	221	1	4	0	n/a	n/a	n/a	n/a	n/a
3732.762	n/a	RECOG_RESP	1866381	n/a	LTP189	ltpFR	16	2	0	CALENDAR	221	1	n/a	0	n/a	n/a	n/a	n/a	n/a
3733.416	n/a	RECOG_CONF	1866708	n/a	LTP189	ltpFR	16	2	0	CALENDAR	221	n/a	4	0	n/a	n/a	n/a	n/a	n/a
3735.096	n/a	RECOG_TARGET	1867548	n/a	LTP189	ltpFR	16	2	1	VELVET	1555	1	5	0	n/a	n/a	n/a	n/a	n/a
3735.826	n/a	RECOG_RESP	1867913	n/a	LTP189	ltpFR	16	2	1	VELVET	1555	1	n/a	0	n/a	n/a	n/a	n/a	n/a
3736.34	n/a	RECOG_CONF	1868170	n/a	LTP189	ltpFR	16	2	1	VELVET	1555	n/a	5	0	n/a	n/a	n/a	n/a	n/a
3738.074	n/a	RECOG_TARGET	1869037	n/a	LTP189	ltpFR	16	2	1	TRAITOR	1495	1	5	1	n/a	n/a	n/a	n/a	n/a
3738.644	n/a	RECOG_RESP	1869322	n/a	LTP189	ltpFR	16	2	1	TRAITOR	1495	1	n/a	1	n/a	n/a	n/a	n/a	n/a
3739.528	n/a	RECOG_CONF	1869764	n/a	LTP189	ltpFR	16	2	1	TRAITOR	1495	n/a	5	1	n/a	n/a	n/a	n/a	n/a
3741.254	n/a	RECOG_TARGET	1870627	n/a	LTP189	ltpFR	16	2	1	PIGEON	1065	1	5	1	n/a	n/a	n/a	n/a	n/a
3741.902	n/a	RECOG_RESP	1870951	n/a	LTP189	ltpFR	16	2	1	PIGEON	1065	1	n/a	1	n/a	n/a	n/a	n/a	n/a
3742.484	n/a	RECOG_CONF	1871242	n/a	LTP189	ltpFR	16	2	1	PIGEON	1065	n/a	5	1	n/a	n/a	n/a	n/a	n/a
3744.182	n/a	RECOG_TARGET	1872091	n/a	LTP189	ltpFR	16	2	1	CANYON	235	1	5	0	n/a	n/a	n/a	n/a	n/a
3744.808	n/a	RECOG_RESP	1872404	n/a	LTP189	ltpFR	16	2	1	CANYON	235	1	n/a	0	n/a	n/a	n/a	n/a	n/a
3745.408	n/a	RECOG_CONF	1872704	n/a	LTP189	ltpFR	16	2	1	CANYON	235	n/a	5	0	n/a	n/a	n/a	n/a	n/a
3746.962	n/a	RECOG_TARGET	1873481	n/a	LTP189	ltpFR	16	2	1	DECK	443	1	5	0	n/a	n/a	n/a	n/a	n/a
3747.65	n/a	RECOG_RESP	1873825	n/a	LTP189	ltpFR	16	2	1	DECK	443	1	n/a	0	n/a	n/a	n/a	n/a	n/a
3748.102	n/a	RECOG_CONF	1874051	n/a	LTP189	ltpFR	16	2	1	DECK	443	n/a	5	0	n/a	n/a	n/a	n/a	n/a
3749.924	n/a	RECOG_TARGET	1874962	n/a	LTP189	ltpFR	16	2	-1	GARLIC	624	1	5	-1	n/a	n/a	n/a	n/a	n/a
3750.456	n/a	RECOG_RESP	1875228	n/a	LTP189	ltpFR	16	2	-1	GARLIC	624	1	n/a	-1	n/a	n/a	n/a	n/a	n/a
3751.046	n/a	RECOG_CONF	1875523	n/a	LTP189	ltpFR	16	2	-1	GARLIC	624	n/a	5	-1	n/a	n/a	n/a	n/a	n/a
3752.652	n/a	RECOG_LURE	1876326	n/a	LTP189	ltpFR	16	2	n/a	SATURN	1236	0	5	n/a	n/a	n/a	n/a	n/a	n/a
3753.328	n/a	RECOG_RESP	1876664	n/a	LTP189	ltpFR	16	2	n/a	SATURN	1236	0	n/a	n/a	n/a	n/a	n/a	n/a	n/a
3753.79	n/a	RECOG_CONF	1876895	n/a	LTP189	ltpFR	16	2	n/a	SATURN	1236	n/a	5	n/a	n/a	n/a	n/a	n/a	n/a
3755.398	n/a	RECOG_TARGET	1877699	n/a	LTP189	ltpFR	16	2	1	SUN	1406	0	5	0	n/a	n/a	n/a	n/a	n/a
3756.118	n/a	RECOG_RESP	1878059	n/a	LTP189	ltpFR	16	2	1	SUN	1406	0	n/a	0	n/a	n/a	n/a	n/a	n/a
3756.676	n/a	RECOG_CONF	1878338	n/a	LTP189	ltpFR	16	2	1	SUN	1406	n/a	5	0	n/a	n/a	n/a	n/a	n/a
3758.344	n/a	RECOG_TARGET	1879172	n/a	LTP189	ltpFR	16	2	0	FRIEND	606	1	4	1	n/a	n/a	n/a	n/a	n/a
3761.224	n/a	RECOG_RESP	1880612	n/a	LTP189	ltpFR	16	2	0	FRIEND	606	1	n/a	1	n/a	n/a	n/a	n/a	n/a
3761.77	n/a	RECOG_CONF	1880885	n/a	LTP189	ltpFR	16	2	0	FRIEND	606	n/a	4	1	n/a	n/a	n/a	n/a	n/a
3763.57	n/a	RECOG_TARGET	1881785	n/a	LTP189	ltpFR	16	2	0	DEPARTMENT	449	1	4	1	n/a	n/a	n/a	n/a	n/a
3764.342	n/a	RECOG_RESP	1882171	n/a	LTP189	ltpFR	16	2	0	DEPARTMENT	449	1	n/a	1	n/a	n/a	n/a	n/a	n/a
3764.846	n/a	RECOG_CONF	1882423	n/a	LTP189	ltpFR	16	2	0	DEPARTMENT	449	n/a	4	1	n/a	n/a	n/a	n/a	n/a
3766.616	n/a	RECOG_TARGET	1883308	n/a	LTP189	ltpFR	16	2	1	DIAL	457	0	2	0	n/a	n/a	n/a	n/a	n/a
3768.296	n/a	RECOG_RESP_VV	1884148	n/a	LTP189	ltpFR	16	2	1	DIAL	457	1	n/a	0	n/a	n/a	n/a	n/a	n/a
3771.0	n/a	RECOG_RESP	1885500	n/a	LTP189	ltpFR	16	2	1	DIAL	457	0	n/a	0	n/a	n/a	n/a	n/a	n/a
3772.062	n/a	RECOG_CONF	1886031	n/a	LTP189	ltpFR	16	2	1	DIAL	457	n/a	2	0	n/a	n/a	n/a	n/a	n/a
3773.806	n/a	RECOG_TARGET	1886903	n/a	LTP189	ltpFR	16	2	-1	STOOL	1386	1	4	-1	n/a	n/a	n/a	n/a	n/a
3774.912	n/a	RECOG_RESP	1887456	n/a	LTP189	ltpFR	16	2	-1	STOOL	1386	1	n/a	-1	n/a	n/a	n/a	n/a	n/a
3775.48	n/a	RECOG_CONF	1887740	n/a	LTP189	ltpFR	16	2	-1	STOOL	1386	n/a	4	-1	n/a	n/a	n/a	n/a	n/a
3776.884	n/a	RECOG_TARGET	1888442	n/a	LTP189	ltpFR	16	2	-1	DINNER	468	1	5	-1	n/a	n/a	n/a	n/a	n/a
3777.686	n/a	RECOG_RESP	1888843	n/a	LTP189	ltpFR	16	2	-1	DINNER	468	1	n/a	-1	n/a	n/a	n/a	n/a	n/a
3778.194	n/a	RECOG_CONF	1889097	n/a	LTP189	ltpFR	16	2	-1	DINNER	468	n/a	5	-1	n/a	n/a	n/a	n/a	n/a
3779.846	n/a	RECOG_TARGET	1889923	n/a	LTP189	ltpFR	16	2	0	ROCKET	1202	1	5	1	n/a	n/a	n/a	n/a	n/a
3780.774	n/a	RECOG_RESP_VV	1890387	n/a	LTP189	ltpFR	16	2	0	ROCKET	1202	1	n/a	1	n/a	n/a	n/a	n/a	n/a
3781.296	n/a	RECOG_RESP_VV	1890648	n/a	LTP189	ltpFR	16	2	0	ROCKET	1202	n/a	5	1	n/a	n/a	n/a	n/a	n/a
3782.22	n/a	RECOG_RESP	1891110	n/a	LTP189	ltpFR	16	2	0	ROCKET	1202	1	n/a	1	n/a	n/a	n/a	n/a	n/a
3783.364	n/a	RECOG_CONF	1891682	n/a	LTP189	ltpFR	16	2	0	ROCKET	1202	n/a	5	1	n/a	n/a	n/a	n/a	n/a
3785.32	n/a	RECOG_TARGET	1892660	n/a	LTP189	ltpFR	16	2	0	CANVAS	234	1	4	1	n/a	n/a	n/a	n/a	n/a
3786.132	n/a	RECOG_RESP	1893066	n/a	LTP189	ltpFR	16	2	0	CANVAS	234	1	n/a	1	n/a	n/a	n/a	n/a	n/a
3786.954	n/a	RECOG_CONF	1893477	n/a	LTP189	ltpFR	16	2	0	CANVAS	234	n/a	4	1	n/a	n/a	n/a	n/a	n/a
3796.56	n/a	REC_START	1898280	n/a	LTP189	ltpFR	16	3	n/a	n/a	n/a	n/a	n/a	n/a	n/a	n/a	n/a	n/a	n/a
3796.588	n/a	RECOG_TARGET	1898294	n/a	LTP189	ltpFR	16	3	0	JELLO	754	1	2	0	n/a	n/a	n/a	n/a	n/a
3797.778	n/a	RECOG_RESP	1898889	n/a	LTP189	ltpFR	16	3	0	JELLO	754	1	n/a	0	n/a	n/a	n/a	n/a	n/a
3798.91	n/a	RECOG_CONF	1899455	n/a	LTP189	ltpFR	16	3	0	JELLO	754	n/a	2	0	n/a	n/a	n/a	n/a	n/a
3800.716	n/a	RECOG_TARGET	1900358	n/a	LTP189	ltpFR	16	3	0	MAT	877	0	1	0	n/a	n/a	n/a	n/a	n/a
3801.654	n/a	RECOG_RESP	1900827	n/a	LTP189	ltpFR	16	3	0	MAT	877	0	n/a	0	n/a	n/a	n/a	n/a	n/a
3802.522	n/a	RECOG_CONF	1901261	n/a	LTP189	ltpFR	16	3	0	MAT	877	n/a	1	0	n/a	n/a	n/a	n/a	n/a
3804.276	n/a	RECOG_TARGET	1902138	n/a	LTP189	ltpFR	16	3	0	LITERATURE	831	1	3	1	n/a	n/a	n/a	n/a	n/a
3805.304	n/a	RECOG_RESP	1902652	n/a	LTP189	ltpFR	16	3	0	LITERATURE	831	1	n/a	1	n/a	n/a	n/a	n/a	n/a
3806.104	n/a	RECOG_CONF	1903052	n/a	LTP189	ltpFR	16	3	0	LITERATURE	831	n/a	3	1	n/a	n/a	n/a	n/a	n/a
3807.772	n/a	RECOG_TARGET	1903886	n/a	LTP189	ltpFR	16	3	1	AUTOMOBILE	62	1	4	0	n/a	n/a	n/a	n/a	n/a
3808.332	n/a	RECOG_RESP	1904166	n/a	LTP189	ltpFR	16	3	1	AUTOMOBILE	62	1	n/a	0	n/a	n/a	n/a	n/a	n/a
3808.942	n/a	RECOG_CONF	1904471	n/a	LTP189	ltpFR	16	3	1	AUTOMOBILE	62	n/a	4	0	n/a	n/a	n/a	n/a	n/a
3810.668	n/a	RECOG_LURE	1905334	n/a	LTP189	ltpFR	16	3	n/a	GENTLEMAN	631	1	2	n/a	n/a	n/a	n/a	n/a	n/a
3811.35	n/a	RECOG_RESP	1905675	n/a	LTP189	ltpFR	16	3	n/a	GENTLEMAN	631	1	n/a	n/a	n/a	n/a	n/a	n/a	n/a
3811.948	n/a	RECOG_RESP_VV	1905974	n/a	LTP189	ltpFR	16	3	n/a	GENTLEMAN	631	n/a	5	n/a	n/a	n/a	n/a	n/a	n/a
3816.262	n/a	RECOG_CONF	1908131	n/a	LTP189	ltpFR	16	3	n/a	GENTLEMAN	631	n/a	2	n/a	n/a	n/a	n/a	n/a	n/a
3818.072	n/a	RECOG_LURE	1909036	n/a	LTP189	ltpFR	16	3	n/a	WARDROBE	1587	0	4	n/a	n/a	n/a	n/a	n/a	n/a
3820.28	n/a	RECOG_RESP_VV	1910140	n/a	LTP189	ltpFR	16	3	n/a	WARDROBE	1587	1	n/a	n/a	n/a	n/a	n/a	n/a	n/a
3821.726	n/a	RECOG_RESP	1910863	n/a	LTP189	ltpFR	16	3	n/a	WARDROBE	1587	0	n/a	n/a	n/a	n/a	n/a	n/a	n/a
3822.496	n/a	RECOG_CONF	1911248	n/a	LTP189	ltpFR	16	3	n/a	WARDROBE	1587	n/a	4	n/a	n/a	n/a	n/a	n/a	n/a
3824.564	n/a	RECOG_TARGET	1912282	n/a	LTP189	ltpFR	16	3	0	SKIRT	1319	1	4	0	n/a	n/a	n/a	n/a	n/a
3825.376	n/a	RECOG_RESP	1912688	n/a	LTP189	ltpFR	16	3	0	SKIRT	1319	1	n/a	0	n/a	n/a	n/a	n/a	n/a
3825.986	n/a	RECOG_CONF	1912993	n/a	LTP189	ltpFR	16	3	0	SKIRT	1319	n/a	4	0	n/a	n/a	n/a	n/a	n/a
3827.658	n/a	RECOG_TARGET	1913829	n/a	LTP189	ltpFR	16	3	0	HOOD	714	1	4	0	n/a	n/a	n/a	n/a	n/a
3828.754	n/a	RECOG_RESP_VV	1914377	n/a	LTP189	ltpFR	16	3	0	HOOD	714	0	n/a	0	n/a	n/a	n/a	n/a	n/a
3830.574	n/a	RECOG_RESP	1915287	n/a	LTP189	ltpFR	16	3	0	HOOD	714	1	n/a	0	n/a	n/a	n/a	n/a	n/a
3831.866	n/a	RECOG_CONF	1915933	n/a	LTP189	ltpFR	16	3	0	HOOD	714	n/a	4	0	n/a	n/a	n/a	n/a	n/a
3833.434	n/a	RECOG_TARGET	1916717	n/a	LTP189	ltpFR	16	3	-1	MUG	930	1	4	-1	n/a	n/a	n/a	n/a	n/a
3834.318	n/a	RECOG_RESP	1917159	n/a	LTP189	ltpFR	16	3	-1	MUG	930	1	n/a	-1	n/a	n/a	n/a	n/a	n/a
3834.952	n/a	RECOG_CONF	1917476	n/a	LTP189	ltpFR	16	3	-1	MUG	930	n/a	4	-1	n/a	n/a	n/a	n/a	n/a
3836.678	n/a	RECOG_LURE	1918339	n/a	LTP189	ltpFR	16	3	n/a	KETTLE	772	0	5	n/a	n/a	n/a	n/a	n/a	n/a
3837.51	n/a	RECOG_RESP	1918755	n/a	LTP189	ltpFR	16	3	n/a	KETTLE	772	0	n/a	n/a	n/a	n/a	n/a	n/a	n/a
3838.116	n/a	RECOG_CONF	1919058	n/a	LTP189	ltpFR	16	3	n/a	KETTLE	772	n/a	5	n/a	n/a	n/a	n/a	n/a	n/a
3839.84	n/a	RECOG_LURE	1919920	n/a	LTP189	ltpFR	16	3	n/a	RELATIVE	1182	1	1	n/a	n/a	n/a	n/a	n/a	n/a
3840.53	n/a	RECOG_RESP	1920265	n/a	LTP189	ltpFR	16	3	n/a	RELATIVE	1182	1	n/a	n/a	n/a	n/a	n/a	n/a	n/a
3841.844	n/a	RECOG_CONF	1920922	n/a	LTP189	ltpFR	16	3	n/a	RELATIVE	1182	n/a	1	n/a	n/a	n/a	n/a	n/a	n/a
3843.652	n/a	RECOG_TARGET	1921826	n/a	LTP189	ltpFR	16	3	1	NIECE	952	1	4	1	n/a	n/a	n/a	n/a	n/a
3844.51	n/a	RECOG_RESP	1922255	n/a	LTP189	ltpFR	16	3	1	NIECE	952	1	n/a	1	n/a	n/a	n/a	n/a	n/a
3845.12	n/a	RECOG_CONF	1922560	n/a	LTP189	ltpFR	16	3	1	NIECE	952	n/a	4	1	n/a	n/a	n/a	n/a	n/a
3847.046	n/a	RECOG_TARGET	1923523	n/a	LTP189	ltpFR	16	3	-1	ARENA	37	1	5	-1	n/a	n/a	n/a	n/a	n/a
3847.786	n/a	RECOG_RESP	1923893	n/a	LTP189	ltpFR	16	3	-1	ARENA	37	1	n/a	-1	n/a	n/a	n/a	n/a	n/a
3848.346	n/a	RECOG_CONF	1924173	n/a	LTP189	ltpFR	16	3	-1	ARENA	37	n/a	5	-1	n/a	n/a	n/a	n/a	n/a
3850.142	n/a	RECOG_TARGET	1925071	n/a	LTP189	ltpFR	16	3	1	SANDPAPER	1231	1	4	0	n/a	n/a	n/a	n/a	n/a
3850.854	n/a	RECOG_RESP	1925427	n/a	LTP189	ltpFR	16	3	1	SANDPAPER	1231	1	n/a	0	n/a	n/a	n/a	n/a	n/a
3851.428	n/a	RECOG_CONF	1925714	n/a	LTP189	ltpFR	16	3	1	SANDPAPER	1231	n/a	4	0	n/a	n/a	n/a	n/a	n/a
3853.288	n/a	RECOG_TARGET	1926644	n/a	LTP189	ltpFR	16	3	0	PORCH	1106	1	4	0	n/a	n/a	n/a	n/a	n/a
3854.056	n/a	RECOG_RESP	1927028	n/a	LTP189	ltpFR	16	3	0	PORCH	1106	1	n/a	0	n/a	n/a	n/a	n/a	n/a
3854.774	n/a	RECOG_CONF	1927387	n/a	LTP189	ltpFR	16	3	0	PORCH	1106	n/a	4	0	n/a	n/a	n/a	n/a	n/a
3856.432	n/a	RECOG_LURE	1928216	n/a	LTP189	ltpFR	16	3	n/a	JAPAN	749	0	5	n/a	n/a	n/a	n/a	n/a	n/a
3857.466	n/a	RECOG_RESP	1928733	n/a	LTP189	ltpFR	16	3	n/a	JAPAN	749	0	n/a	n/a	n/a	n/a	n/a	n/a	n/a
3858.05	n/a	RECOG_CONF	1929025	n/a	LTP189	ltpFR	16	3	n/a	JAPAN	749	n/a	5	n/a	n/a	n/a	n/a	n/a	n/a
3859.894	n/a	RECOG_LURE	1929947	n/a	LTP189	ltpFR	16	3	n/a	ROUGE	1213	0	3	n/a	n/a	n/a	n/a	n/a	n/a
3860.806	n/a	RECOG_RESP	1930403	n/a	LTP189	ltpFR	16	3	n/a	ROUGE	1213	0	n/a	n/a	n/a	n/a	n/a	n/a	n/a
3861.518	n/a	RECOG_CONF	1930759	n/a	LTP189	ltpFR	16	3	n/a	ROUGE	1213	n/a	3	n/a	n/a	n/a	n/a	n/a	n/a
3863.256	n/a	RECOG_TARGET	1931628	n/a	LTP189	ltpFR	16	3	0	VESSEL	1558	1	4	1	n/a	n/a	n/a	n/a	n/a
3863.914	n/a	RECOG_RESP_VV	1931957	n/a	LTP189	ltpFR	16	3	0	VESSEL	1558	0	n/a	1	n/a	n/a	n/a	n/a	n/a
3864.588	n/a	RECOG_RESP	1932294	n/a	LTP189	ltpFR	16	3	0	VESSEL	1558	1	n/a	1	n/a	n/a	n/a	n/a	n/a
3865.214	n/a	RECOG_CONF	1932607	n/a	LTP189	ltpFR	16	3	0	VESSEL	1558	n/a	4	1	n/a	n/a	n/a	n/a	n/a
3867.182	n/a	RECOG_TARGET	1933591	n/a	LTP189	ltpFR	16	3	-1	JEWEL	757	1	5	-1	n/a	n/a	n/a	n/a	n/a
3867.828	n/a	RECOG_RESP	1933914	n/a	LTP189	ltpFR	16	3	-1	JEWEL	757	1	n/a	-1	n/a	n/a	n/a	n/a	n/a
3868.328	n/a	RECOG_CONF	1934164	n/a	LTP189	ltpFR	16	3	-1	JEWEL	757	n/a	5	-1	n/a	n/a	n/a	n/a	n/a
3870.046	n/a	RECOG_TARGET	1935023	n/a	LTP189	ltpFR	16	3	1	NAIL	936	1	4	0	n/a	n/a	n/a	n/a	n/a
3870.6	n/a	RECOG_RESP	1935300	n/a	LTP189	ltpFR	16	3	1	NAIL	936	1	n/a	0	n/a	n/a	n/a	n/a	n/a
3871.932	n/a	RECOG_CONF	1935966	n/a	LTP189	ltpFR	16	3	1	NAIL	936	n/a	4	0	n/a	n/a	n/a	n/a	n/a
3881.652	n/a	REC_START	1940826	n/a	LTP189	ltpFR	16	4	n/a	n/a	n/a	n/a	n/a	n/a	n/a	n/a	n/a	n/a	n/a
3881.678	n/a	RECOG_TARGET	1940839	n/a	LTP189	ltpFR	16	4	0	WINNER	1615	1	4	1	n/a	n/a	n/a	n/a	n/a
3882.642	n/a	RECOG_RESP	1941321	n/a	LTP189	ltpFR	16	4	0	WINNER	1615	1	n/a	1	n/a	n/a	n/a	n/a	n/a
3883.298	n/a	RECOG_CONF	1941649	n/a	LTP189	ltpFR	16	4	0	WINNER	1615	n/a	4	1	n/a	n/a	n/a	n/a	n/a
3884.89	n/a	RECOG_LURE	1942445	n/a	LTP189	ltpFR	16	4	n/a	GORILLA	650	0	3	n/a	n/a	n/a	n/a	n/a	n/a
3885.61	n/a	RECOG_RESP	1942805	n/a	LTP189	ltpFR	16	4	n/a	GORILLA	650	0	n/a	n/a	n/a	n/a	n/a	n/a	n/a
3886.214	n/a	RECOG_CONF	1943107	n/a	LTP189	ltpFR	16	4	n/a	GORILLA	650	n/a	3	n/a	n/a	n/a	n/a	n/a	n/a
3887.836	n/a	RECOG_TARGET	1943918	n/a	LTP189	ltpFR	16	4	0	BAND	78	1	4	1	n/a	n/a	n/a	n/a	n/a
3888.538	n/a	RECOG_RESP	1944269	n/a	LTP189	ltpFR	16	4	0	BAND	78	1	n/a	1	n/a	n/a	n/a	n/a	n/a
3889.05	n/a	RECOG_CONF	1944525	n/a	LTP189	ltpFR	16	4	0	BAND	78	n/a	4	1	n/a	n/a	n/a	n/a	n/a
3890.75	n/a	RECOG_TARGET	1945375	n/a	LTP189	ltpFR	16	4	1	TOOTH	1481	1	3	0	n/a	n/a	n/a	n/a	n/a
3891.508	n/a	RECOG_RESP	1945754	n/a	LTP189	ltpFR	16	4	1	TOOTH	1481	1	n/a	0	n/a	n/a	n/a	n/a	n/a
3892.17	n/a	RECOG_CONF	1946085	n/a	LTP189	ltpFR	16	4	1	TOOTH	1481	n/a	3	0	n/a	n/a	n/a	n/a	n/a
3893.71	n/a	RECOG_TARGET	1946855	n/a	LTP189	ltpFR	16	4	1	SAW	1239	1	4	0	n/a	n/a	n/a	n/a	n/a
3894.362	n/a	RECOG_RESP	1947181	n/a	LTP189	ltpFR	16	4	1	SAW	1239	1	n/a	0	n/a	n/a	n/a	n/a	n/a
3895.046	n/a	RECOG_CONF	1947523	n/a	LTP189	ltpFR	16	4	1	SAW	1239	n/a	4	0	n/a	n/a	n/a	n/a	n/a
3896.774	n/a	RECOG_TARGET	1948387	n/a	LTP189	ltpFR	16	4	0	PLUMBER	1091	1	5	1	n/a	n/a	n/a	n/a	n/a
3897.386	n/a	RECOG_RESP	1948693	n/a	LTP189	ltpFR	16	4	0	PLUMBER	1091	1	n/a	1	n/a	n/a	n/a	n/a	n/a
3897.922	n/a	RECOG_CONF	1948961	n/a	LTP189	ltpFR	16	4	0	PLUMBER	1091	n/a	5	1	n/a	n/a	n/a	n/a	n/a
3899.686	n/a	RECOG_TARGET	1949843	n/a	LTP189	ltpFR	16	4	1	DICTATOR	462	1	5	0	n/a	n/a	n/a	n/a	n/a
3900.372	n/a	RECOG_RESP	1950186	n/a	LTP189	ltpFR	16	4	1	DICTATOR	462	1	n/a	0	n/a	n/a	n/a	n/a	n/a
3901.084	n/a	RECOG_CONF	1950542	n/a	LTP189	ltpFR	16	4	1	DICTATOR	462	n/a	5	0	n/a	n/a	n/a	n/a	n/a
3902.598	n/a	RECOG_TARGET	1951299	n/a	LTP189	ltpFR	16	4	0	TAXI	1438	1	4	1	n/a	n/a	n/a	n/a	n/a
3903.196	n/a	RECOG_RESP	1951598	n/a	LTP189	ltpFR	16	4	0	TAXI	1438	1	n/a	1	n/a	n/a	n/a	n/a	n/a
3903.718	n/a	RECOG_CONF	1951859	n/a	LTP189	ltpFR	16	4	0	TAXI	1438	n/a	4	1	n/a	n/a	n/a	n/a	n/a
3905.326	n/a	RECOG_TARGET	1952663	n/a	LTP189	ltpFR	16	4	1	YACHT	1629	1	4	0	n/a	n/a	n/a	n/a	n/a
3905.89	n/a	RECOG_RESP	1952945	n/a	LTP189	ltpFR	16	4	1	YACHT	1629	1	n/a	0	n/a	n/a	n/a	n/a	n/a
3906.5	n/a	RECOG_CONF	1953250	n/a	LTP189	ltpFR	16	4	1	YACHT	1629	n/a	4	0	n/a	n/a	n/a	n/a	n/a
3908.006	n/a	RECOG_TARGET	1954003	n/a	LTP189	ltpFR	16	4	-1	FOOT	590	0	3	-1	n/a	n/a	n/a	n/a	n/a
3908.77	n/a	RECOG_RESP	1954385	n/a	LTP189	ltpFR	16	4	-1	FOOT	590	0	n/a	-1	n/a	n/a	n/a	n/a	n/a
3909.288	n/a	RECOG_CONF	1954644	n/a	LTP189	ltpFR	16	4	-1	FOOT	590	n/a	3	-1	n/a	n/a	n/a	n/a	n/a
3910.918	n/a	RECOG_TARGET	1955459	n/a	LTP189	ltpFR	16	4	0	COBBLER	335	1	4	1	n/a	n/a	n/a	n/a	n/a
3911.41	n/a	RECOG_RESP	1955705	n/a	LTP189	ltpFR	16	4	0	COBBLER	335	1	n/a	1	n/a	n/a	n/a	n/a	n/a
3911.958	n/a	RECOG_CONF	1955979	n/a	LTP189	ltpFR	16	4	0	COBBLER	335	n/a	4	1	n/a	n/a	n/a	n/a	n/a
3913.782	n/a	RECOG_TARGET	1956891	n/a	LTP189	ltpFR	16	4	1	BANKER	84	1	5	1	n/a	n/a	n/a	n/a	n/a
3914.338	n/a	RECOG_RESP	1957169	n/a	LTP189	ltpFR	16	4	1	BANKER	84	1	n/a	1	n/a	n/a	n/a	n/a	n/a
3914.822	n/a	RECOG_CONF	1957411	n/a	LTP189	ltpFR	16	4	1	BANKER	84	n/a	5	1	n/a	n/a	n/a	n/a	n/a
3916.744	n/a	RECOG_TARGET	1958372	n/a	LTP189	ltpFR	16	4	0	OCEAN	970	1	3	1	n/a	n/a	n/a	n/a	n/a
3917.528	n/a	RECOG_RESP	1958764	n/a	LTP189	ltpFR	16	4	0	OCEAN	970	1	n/a	1	n/a	n/a	n/a	n/a	n/a
3918.596	n/a	RECOG_CONF	1959298	n/a	LTP189	ltpFR	16	4	0	OCEAN	970	n/a	3	1	n/a	n/a	n/a	n/a	n/a
3920.172	n/a	RECOG_TARGET	1960086	n/a	LTP189	ltpFR	16	4	1	SIBLING	1301	1	3	1	n/a	n/a	n/a	n/a	n/a
3920.862	n/a	RECOG_RESP	1960431	n/a	LTP189	ltpFR	16	4	1	SIBLING	1301	1	n/a	1	n/a	n/a	n/a	n/a	n/a
3921.698	n/a	RECOG_CONF	1960849	n/a	LTP189	ltpFR	16	4	1	SIBLING	1301	n/a	3	1	n/a	n/a	n/a	n/a	n/a
3923.3	n/a	RECOG_TARGET	1961650	n/a	LTP189	ltpFR	16	4	0	MARGARINE	868	1	4	0	n/a	n/a	n/a	n/a	n/a
3923.916	n/a	RECOG_RESP	1961958	n/a	LTP189	ltpFR	16	4	0	MARGARINE	868	1	n/a	0	n/a	n/a	n/a	n/a	n/a
3925.082	n/a	RECOG_CONF	1962541	n/a	LTP189	ltpFR	16	4	0	MARGARINE	868	n/a	4	0	n/a	n/a	n/a	n/a	n/a
3926.912	n/a	RECOG_TARGET	1963456	n/a	LTP189	ltpFR	16	4	-1	TUBA	1515	1	4	-1	n/a	n/a	n/a	n/a	n/a
3929.36	n/a	RECOG_RESP	1964680	n/a	LTP189	ltpFR	16	4	-1	TUBA	1515	1	n/a	-1	n/a	n/a	n/a	n/a	n/a
3930.028	n/a	RECOG_CONF	1965014	n/a	LTP189	ltpFR	16	4	-1	TUBA	1515	n/a	4	-1	n/a	n/a	n/a	n/a	n/a
3931.772	n/a	RECOG_TARGET	1965886	n/a	LTP189	ltpFR	16	4	0	CONTRACT	368	1	3	1	n/a	n/a	n/a	n/a	n/a
3932.552	n/a	RECOG_RESP	1966276	n/a	LTP189	ltpFR	16	4	0	CONTRACT	368	1	n/a	1	n/a	n/a	n/a	n/a	n/a
3933.482	n/a	RECOG_CONF	1966741	n/a	LTP189	ltpFR	16	4	0	CONTRACT	368	n/a	3	1	n/a	n/a	n/a	n/a	n/a
3935.15	n/a	RECOG_TARGET	1967575	n/a	LTP189	ltpFR	16	4	1	MONK	910	1	5	n/a	n/a	n/a	n/a	n/a	n/a
3935.82	n/a	RECOG_RESP	1967910	n/a	LTP189	ltpFR	16	4	1	MONK	910	1	n/a	n/a	n/a	n/a	n/a	n/a	n/a
3936.41	n/a	RECOG_CONF	1968205	n/a	LTP189	ltpFR	16	4	1	MONK	910	n/a	5	n/a	n/a	n/a	n/a	n/a	n/a
3938.044	n/a	RECOG_TARGET	1969022	n/a	LTP189	ltpFR	16	4	-1	CREAM	402	1	4	-1	n/a	n/a	n/a	n/a	n/a
3938.622	n/a	RECOG_RESP	1969311	n/a	LTP189	ltpFR	16	4	-1	CREAM	402	1	n/a	-1	n/a	n/a	n/a	n/a	n/a
3939.14	n/a	RECOG_CONF	1969570	n/a	LTP189	ltpFR	16	4	-1	CREAM	402	n/a	4	-1	n/a	n/a	n/a	n/a	n/a
3940.81	n/a	RECOG_LURE	1970405	n/a	LTP189	ltpFR	16	4	n/a	FOUNTAIN	597	0	4	n/a	n/a	n/a	n/a	n/a	n/a
3941.004	n/a	RECOG_RESP_VV	1970502	n/a	LTP189	ltpFR	16	4	n/a	FOUNTAIN	597	n/a	4	n/a	n/a	n/a	n/a	n/a	n/a
3941.538	n/a	RECOG_RESP	1970769	n/a	LTP189	ltpFR	16	4	n/a	FOUNTAIN	597	0	n/a	n/a	n/a	n/a	n/a	n/a	n/a
3942.08	n/a	RECOG_CONF	1971040	n/a	LTP189	ltpFR	16	4	n/a	FOUNTAIN	597	n/a	4	n/a	n/a	n/a	n/a	n/a	n/a
3945.742	n/a	REC_START	1972871	n/a	LTP189	ltpFR	16	5	n/a	n/a	n/a	n/a	n/a	n/a	n/a	n/a	n/a	n/a	n/a
3945.768	n/a	RECOG_TARGET	1972884	n/a	LTP189	ltpFR	16	5	0	STAIRS	1367	1	4	1	n/a	n/a	n/a	n/a	n/a
3946.728	n/a	RECOG_RESP	1973364	n/a	LTP189	ltpFR	16	5	0	STAIRS	1367	1	n/a	1	n/a	n/a	n/a	n/a	n/a
3947.276	n/a	RECOG_CONF	1973638	n/a	LTP189	ltpFR	16	5	0	STAIRS	1367	n/a	4	1	n/a	n/a	n/a	n/a	n/a
3949.162	n/a	RECOG_LURE	1974581	n/a	LTP189	ltpFR	16	5	n/a	CENT	270	0	4	n/a	n/a	n/a	n/a	n/a	n/a
3949.882	n/a	RECOG_RESP	1974941	n/a	LTP189	ltpFR	16	5	n/a	CENT	270	0	n/a	n/a	n/a	n/a	n/a	n/a	n/a
3950.38	n/a	RECOG_CONF	1975190	n/a	LTP189	ltpFR	16	5	n/a	CENT	270	n/a	4	n/a	n/a	n/a	n/a	n/a	n/a
3951.992	n/a	RECOG_LURE	1975996	n/a	LTP189	ltpFR	16	5	n/a	OUTFIT	988	0	4	n/a	n/a	n/a	n/a	n/a	n/a
3952.59	n/a	RECOG_RESP	1976295	n/a	LTP189	ltpFR	16	5	n/a	OUTFIT	988	0	n/a	n/a	n/a	n/a	n/a	n/a	n/a
3953.136	n/a	RECOG_CONF	1976568	n/a	LTP189	ltpFR	16	5	n/a	OUTFIT	988	n/a	4	n/a	n/a	n/a	n/a	n/a	n/a
3954.92	n/a	RECOG_TARGET	1977460	n/a	LTP189	ltpFR	16	5	-1	FACTORY	548	1	3	-1	n/a	n/a	n/a	n/a	n/a
3956.052	n/a	RECOG_RESP	1978026	n/a	LTP189	ltpFR	16	5	-1	FACTORY	548	1	n/a	-1	n/a	n/a	n/a	n/a	n/a
3956.75	n/a	RECOG_CONF	1978375	n/a	LTP189	ltpFR	16	5	-1	FACTORY	548	n/a	3	-1	n/a	n/a	n/a	n/a	n/a
3958.482	n/a	RECOG_TARGET	1979241	n/a	LTP189	ltpFR	16	5	1	LENS	811	1	4	0	n/a	n/a	n/a	n/a	n/a
3959.346	n/a	RECOG_RESP	1979673	n/a	LTP189	ltpFR	16	5	1	LENS	811	1	n/a	0	n/a	n/a	n/a	n/a	n/a
3960.094	n/a	RECOG_CONF	1980047	n/a	LTP189	ltpFR	16	5	1	LENS	811	n/a	4	0	n/a	n/a	n/a	n/a	n/a
3961.96	n/a	RECOG_LURE	1980980	n/a	LTP189	ltpFR	16	5	n/a	PATRIOT	1026	1	4	n/a	n/a	n/a	n/a	n/a	n/a
3962.88	n/a	RECOG_RESP	1981440	n/a	LTP189	ltpFR	16	5	n/a	PATRIOT	1026	1	n/a	n/a	n/a	n/a	n/a	n/a	n/a
3963.536	n/a	RECOG_CONF	1981768	n/a	LTP189	ltpFR	16	5	n/a	PATRIOT	1026	n/a	4	n/a	n/a	n/a	n/a	n/a	n/a
3965.188	n/a	RECOG_TARGET	1982594	n/a	LTP189	ltpFR	16	5	-1	LIMB	822	1	3	-1	n/a	n/a	n/a	n/a	n/a
3970.586	n/a	RECOG_RESP	1985293	n/a	LTP189	ltpFR	16	5	-1	LIMB	822	1	n/a	-1	n/a	n/a	n/a	n/a	n/a
3971.314	n/a	RECOG_CONF	1985657	n/a	LTP189	ltpFR	16	5	-1	LIMB	822	n/a	3	-1	n/a	n/a	n/a	n/a	n/a
3973.126	n/a	RECOG_LURE	1986563	n/a	LTP189	ltpFR	16	5	n/a	ROBOT	1200	0	4	n/a	n/a	n/a	n/a	n/a	n/a
3974.088	n/a	RECOG_RESP	1987044	n/a	LTP189	ltpFR	16	5	n/a	ROBOT	1200	0	n/a	n/a	n/a	n/a	n/a	n/a	n/a
3974.65	n/a	RECOG_CONF	1987325	n/a	LTP189	ltpFR	16	5	n/a	ROBOT	1200	n/a	4	n/a	n/a	n/a	n/a	n/a	n/a
3976.422	n/a	RECOG_LURE	1988211	n/a	LTP189	ltpFR	16	5	n/a	CHEEK	287	0	4	n/a	n/a	n/a	n/a	n/a	n/a
3977.272	n/a	RECOG_RESP_VV	1988636	n/a	LTP189	ltpFR	16	5	n/a	CHEEK	287	1	n/a	n/a	n/a	n/a	n/a	n/a	n/a
3977.926	n/a	RECOG_RESP	1988963	n/a	LTP189	ltpFR	16	5	n/a	CHEEK	287	0	n/a	n/a	n/a	n/a	n/a	n/a	n/a
3978.636	n/a	RECOG_CONF	1989318	n/a	LTP189	ltpFR	16	5	n/a	CHEEK	287	n/a	4	n/a	n/a	n/a	n/a	n/a	n/a
3980.366	n/a	RECOG_TARGET	1990183	n/a	LTP189	ltpFR	16	5	-1	CHESS	294	1	3	-1	n/a	n/a	n/a	n/a	n/a
3981.53	n/a	RECOG_RESP	1990765	n/a	LTP189	ltpFR	16	5	-1	CHESS	294	1	n/a	-1	n/a	n/a	n/a	n/a	n/a
3982.17	n/a	RECOG_CONF	1991085	n/a	LTP189	ltpFR	16	5	-1	CHESS	294	n/a	3	-1	n/a	n/a	n/a	n/a	n/a
3983.978	n/a	RECOG_LURE	1991989	n/a	LTP189	ltpFR	16	5	n/a	PLAID	1080	0	4	n/a	n/a	n/a	n/a	n/a	n/a
3988.674	n/a	RECOG_RESP	1994337	n/a	LTP189	ltpFR	16	5	n/a	PLAID	1080	0	n/a	n/a	n/a	n/a	n/a	n/a	n/a
3989.306	n/a	RECOG_CONF	1994653	n/a	LTP189	ltpFR	16	5	n/a	PLAID	1080	n/a	4	n/a	n/a	n/a	n/a	n/a	n/a
3991.084	n/a	RECOG_LURE	1995542	n/a	LTP189	ltpFR	16	5	n/a	BAG	69	0	4	n/a	n/a	n/a	n/a	n/a	n/a
3991.954	n/a	RECOG_RESP	1995977	n/a	LTP189	ltpFR	16	5	n/a	BAG	69	0	n/a	n/a	n/a	n/a	n/a	n/a	n/a
3992.474	n/a	RECOG_CONF	1996237	n/a	LTP189	ltpFR	16	5	n/a	BAG	69	n/a	4	n/a	n/a	n/a	n/a	n/a	n/a
3994.212	n/a	RECOG_TARGET	1997106	n/a	LTP189	ltpFR	16	5	1	HOUND	724	1	4	0	n/a	n/a	n/a	n/a	n/a
3994.928	n/a	RECOG_RESP	1997464	n/a	LTP189	ltpFR	16	5	1	HOUND	724	1	n/a	0	n/a	n/a	n/a	n/a	n/a
3995.544	n/a	RECOG_CONF	1997772	n/a	LTP189	ltpFR	16	5	1	HOUND	724	n/a	4	0	n/a	n/a	n/a	n/a	n/a
3997.29	n/a	RECOG_TARGET	1998645	n/a	LTP189	ltpFR	16	5	0	CANOE	233	1	5	1	n/a	n/a	n/a	n/a	n/a
3998.038	n/a	RECOG_RESP	1999019	n/a	LTP189	ltpFR	16	5	0	CANOE	233	1	n/a	1	n/a	n/a	n/a	n/a	n/a
3998.546	n/a	RECOG_CONF	1999273	n/a	LTP189	ltpFR	16	5	0	CANOE	233	n/a	5	1	n/a	n/a	n/a	n/a	n/a
4000.252	n/a	RECOG_TARGET	2000126	n/a	LTP189	ltpFR	16	5	0	APPLICATION	34	1	4	0	n/a	n/a	n/a	n/a	n/a
4000.952	n/a	RECOG_RESP	2000476	n/a	LTP189	ltpFR	16	5	0	APPLICATION	34	1	n/a	0	n/a	n/a	n/a	n/a	n/a
4001.424	n/a	RECOG_CONF	2000712	n/a	LTP189	ltpFR	16	5	0	APPLICATION	34	n/a	4	0	n/a	n/a	n/a	n/a	n/a
4003.098	n/a	RECOG_TARGET	2001549	n/a	LTP189	ltpFR	16	5	1	RANCH	1166	1	4	0	n/a	n/a	n/a	n/a	n/a
4003.786	n/a	RECOG_RESP	2001893	n/a	LTP189	ltpFR	16	5	1	RANCH	1166	1	n/a	0	n/a	n/a	n/a	n/a	n/a
4004.238	n/a	RECOG_CONF	2002119	n/a	LTP189	ltpFR	16	5	1	RANCH	1166	n/a	4	0	n/a	n/a	n/a	n/a	n/a
4006.028	n/a	RECOG_TARGET	2003014	n/a	LTP189	ltpFR	16	5	1	PIER	1063	1	4	0	n/a	n/a	n/a	n/a	n/a
4006.586	n/a	RECOG_RESP	2003293	n/a	LTP189	ltpFR	16	5	1	PIER	1063	1	n/a	0	n/a	n/a	n/a	n/a	n/a
4007.054	n/a	RECOG_CONF	2003527	n/a	LTP189	ltpFR	16	5	1	PIER	1063	n/a	4	0	n/a	n/a	n/a	n/a	n/a
4008.924	n/a	RECOG_LURE	2004462	n/a	LTP189	ltpFR	16	5	n/a	TOENAIL	1474	0	3	n/a	n/a	n/a	n/a	n/a	n/a
4009.656	n/a	RECOG_RESP	2004828	n/a	LTP189	ltpFR	16	5	n/a	TOENAIL	1474	0	n/a	n/a	n/a	n/a	n/a	n/a	n/a
4010.2	n/a	RECOG_CONF	2005100	n/a	LTP189	ltpFR	16	5	n/a	TOENAIL	1474	n/a	3	n/a	n/a	n/a	n/a	n/a	n/a
4011.986	n/a	RECOG_LURE	2005993	n/a	LTP189	ltpFR	16	5	n/a	PRISON	1127	0	4	n/a	n/a	n/a	n/a	n/a	n/a
4012.678	n/a	RECOG_RESP	2006339	n/a	LTP189	ltpFR	16	5	n/a	PRISON	1127	0	n/a	n/a	n/a	n/a	n/a	n/a	n/a
4013.148	n/a	RECOG_CONF	2006574	n/a	LTP189	ltpFR	16	5	n/a	PRISON	1127	n/a	4	n/a	n/a	n/a	n/a	n/a	n/a
4014.848	n/a	RECOG_TARGET	2007424	n/a	LTP189	ltpFR	16	5	0	SPONGE	1355	0	4	0	n/a	n/a	n/a	n/a	n/a
4015.64	n/a	RECOG_RESP	2007820	n/a	LTP189	ltpFR	16	5	0	SPONGE	1355	0	n/a	0	n/a	n/a	n/a	n/a	n/a
4016.366	n/a	RECOG_CONF	2008183	n/a	LTP189	ltpFR	16	5	0	SPONGE	1355	n/a	4	0	n/a	n/a	n/a	n/a	n/a
4021.95	n/a	REC_START	2010975	n/a	LTP189	ltpFR	16	6	n/a	n/a	n/a	n/a	n/a	n/a	n/a	n/a	n/a	n/a	n/a
4021.988	n/a	RECOG_TARGET	2010994	n/a	LTP189	ltpFR	16	6	1	GLASSES	640	1	3	0	n/a	n/a	n/a	n/a	n/a
4023.162	n/a	RECOG_RESP	2011581	n/a	LTP189	ltpFR	16	6	1	GLASSES	640	1	n/a	0	n/a	n/a	n/a	n/a	n/a
4025.314	n/a	RECOG_CONF	2012657	n/a	LTP189	ltpFR	16	6	1	GLASSES	640	n/a	3	0	n/a	n/a	n/a	n/a	n/a
4026.964	n/a	RECOG_TARGET	2013482	n/a	LTP189	ltpFR	16	6	1	FEMALE	559	0	4	1	n/a	n/a	n/a	n/a	n/a
4027.652	n/a	RECOG_RESP_VV	2013826	n/a	LTP189	ltpFR	16	6	1	FEMALE	559	1	n/a	1	n/a	n/a	n/a	n/a	n/a
4028.574	n/a	RECOG_RESP	2014287	n/a	LTP189	ltpFR	16	6	1	FEMALE	559	0	n/a	1	n/a	n/a	n/a	n/a	n/a
4029.334	n/a	RECOG_CONF	2014667	n/a	LTP189	ltpFR	16	6	1	FEMALE	559	n/a	4	1	n/a	n/a	n/a	n/a	n/a
4030.992	n/a	RECOG_TARGET	2015496	n/a	LTP189	ltpFR	16	6	0	FIN	566	1	4	0	n/a	n/a	n/a	n/a	n/a
4031.952	n/a	RECOG_RESP	2015976	n/a	LTP189	ltpFR	16	6	0	FIN	566	1	n/a	0	n/a	n/a	n/a	n/a	n/a
4032.864	n/a	RECOG_CONF	2016432	n/a	LTP189	ltpFR	16	6	0	FIN	566	n/a	4	0	n/a	n/a	n/a	n/a	n/a
4034.62	n/a	RECOG_LURE	2017310	n/a	LTP189	ltpFR	16	6	n/a	THUMB	1462	0	3	n/a	n/a	n/a	n/a	n/a	n/a
4035.508	n/a	RECOG_RESP	2017754	n/a	LTP189	ltpFR	16	6	n/a	THUMB	1462	0	n/a	n/a	n/a	n/a	n/a	n/a	n/a
4036.166	n/a	RECOG_CONF	2018083	n/a	LTP189	ltpFR	16	6	n/a	THUMB	1462	n/a	3	n/a	n/a	n/a	n/a	n/a	n/a
4037.832	n/a	RECOG_LURE	2018916	n/a	LTP189	ltpFR	16	6	n/a	WELL	1600	0	3	n/a	n/a	n/a	n/a	n/a	n/a
4039.044	n/a	RECOG_RESP	2019522	n/a	LTP189	ltpFR	16	6	n/a	WELL	1600	0	n/a	n/a	n/a	n/a	n/a	n/a	n/a
4039.914	n/a	RECOG_CONF	2019957	n/a	LTP189	ltpFR	16	6	n/a	WELL	1600	n/a	3	n/a	n/a	n/a	n/a	n/a	n/a
4041.576	n/a	RECOG_TARGET	2020788	n/a	LTP189	ltpFR	16	6	0	JUDGE	761	1	3	1	n/a	n/a	n/a	n/a	n/a
4042.396	n/a	RECOG_RESP	2021198	n/a	LTP189	ltpFR	16	6	0	JUDGE	761	1	n/a	1	n/a	n/a	n/a	n/a	n/a
4043.37	n/a	RECOG_CONF	2021685	n/a	LTP189	ltpFR	16	6	0	JUDGE	761	n/a	3	1	n/a	n/a	n/a	n/a	n/a
4045.204	n/a	RECOG_TARGET	2022602	n/a	LTP189	ltpFR	16	6	1	GARDEN	623	1	4	1	n/a	n/a	n/a	n/a	n/a
4047.384	n/a	RECOG_RESP	2023692	n/a	LTP189	ltpFR	16	6	1	GARDEN	623	1	n/a	1	n/a	n/a	n/a	n/a	n/a
4048.74	n/a	RECOG_CONF	2024370	n/a	LTP189	ltpFR	16	6	1	GARDEN	623	n/a	4	1	n/a	n/a	n/a	n/a	n/a
4050.696	n/a	RECOG_TARGET	2025348	n/a	LTP189	ltpFR	16	6	1	MISTER	901	1	4	0	n/a	n/a	n/a	n/a	n/a
4051.224	n/a	RECOG_RESP	2025612	n/a	LTP189	ltpFR	16	6	1	MISTER	901	1	n/a	0	n/a	n/a	n/a	n/a	n/a
4051.966	n/a	RECOG_CONF	2025983	n/a	LTP189	ltpFR	16	6	1	MISTER	901	n/a	4	0	n/a	n/a	n/a	n/a	n/a
4053.508	n/a	RECOG_TARGET	2026754	n/a	LTP189	ltpFR	16	6	1	MOTOR	922	1	5	1	n/a	n/a	n/a	n/a	n/a
4054.102	n/a	RECOG_RESP	2027051	n/a	LTP189	ltpFR	16	6	1	MOTOR	922	1	n/a	1	n/a	n/a	n/a	n/a	n/a
4054.624	n/a	RECOG_CONF	2027312	n/a	LTP189	ltpFR	16	6	1	MOTOR	922	n/a	5	1	n/a	n/a	n/a	n/a	n/a
4056.454	n/a	RECOG_TARGET	2028227	n/a	LTP189	ltpFR	16	6	-1	DISC	473	1	3	-1	n/a	n/a	n/a	n/a	n/a
4057.01	n/a	RECOG_RESP	2028505	n/a	LTP189	ltpFR	16	6	-1	DISC	473	1	n/a	-1	n/a	n/a	n/a	n/a	n/a
4057.724	n/a	RECOG_CONF	2028862	n/a	LTP189	ltpFR	16	6	-1	DISC	473	n/a	3	-1	n/a	n/a	n/a	n/a	n/a
4059.316	n/a	RECOG_TARGET	2029658	n/a	LTP189	ltpFR	16	6	-1	GAZELLE	628	1	4	-1	n/a	n/a	n/a	n/a	n/a
4059.768	n/a	RECOG_RESP	2029884	n/a	LTP189	ltpFR	16	6	-1	GAZELLE	628	1	n/a	-1	n/a	n/a	n/a	n/a	n/a
4060.36	n/a	RECOG_CONF	2030180	n/a	LTP189	ltpFR	16	6	-1	GAZELLE	628	n/a	4	-1	n/a	n/a	n/a	n/a	n/a
4062.044	n/a	RECOG_TARGET	2031022	n/a	LTP189	ltpFR	16	6	1	HARE	688	1	5	0	n/a	n/a	n/a	n/a	n/a
4062.472	n/a	RECOG_RESP	2031236	n/a	LTP189	ltpFR	16	6	1	HARE	688	1	n/a	0	n/a	n/a	n/a	n/a	n/a
4063.004	n/a	RECOG_CONF	2031502	n/a	LTP189	ltpFR	16	6	1	HARE	688	n/a	5	0	n/a	n/a	n/a	n/a	n/a
4064.792	n/a	RECOG_TARGET	2032396	n/a	LTP189	ltpFR	16	6	-1	COCKTAIL	338	1	4	-1	n/a	n/a	n/a	n/a	n/a
4065.012	n/a	RECOG_RESP	2032506	n/a	LTP189	ltpFR	16	6	-1	COCKTAIL	338	1	n/a	-1	n/a	n/a	n/a	n/a	n/a
4065.584	n/a	RECOG_CONF	2032792	n/a	LTP189	ltpFR	16	6	-1	COCKTAIL	338	n/a	4	-1	n/a	n/a	n/a	n/a	n/a
4067.37	n/a	RECOG_LURE	2033685	n/a	LTP189	ltpFR	16	6	n/a	FIST	572	0	4	n/a	n/a	n/a	n/a	n/a	n/a
4067.872	n/a	RECOG_RESP_VV	2033936	n/a	LTP189	ltpFR	16	6	n/a	FIST	572	1	n/a	n/a	n/a	n/a	n/a	n/a	n/a
4068.612	n/a	RECOG_RESP	2034306	n/a	LTP189	ltpFR	16	6	n/a	FIST	572	0	n/a	n/a	n/a	n/a	n/a	n/a	n/a
4069.31	n/a	RECOG_CONF	2034655	n/a	LTP189	ltpFR	16	6	n/a	FIST	572	n/a	4	n/a	n/a	n/a	n/a	n/a	n/a
4071.348	n/a	RECOG_TARGET	2035674	n/a	LTP189	ltpFR	16	6	-1	MOWER	928	1	4	-1	n/a	n/a	n/a	n/a	n/a
4073.526	n/a	RECOG_RESP	2036763	n/a	LTP189	ltpFR	16	6	-1	MOWER	928	1	n/a	-1	n/a	n/a	n/a	n/a	n/a
4074.73	n/a	RECOG_CONF	2037365	n/a	LTP189	ltpFR	16	6	-1	MOWER	928	n/a	4	-1	n/a	n/a	n/a	n/a	n/a
4076.556	n/a	RECOG_TARGET	2038278	n/a	LTP189	ltpFR	16	6	0	WALRUS	1585	1	4	1	n/a	n/a	n/a	n/a	n/a
4077.224	n/a	RECOG_RESP	2038612	n/a	LTP189	ltpFR	16	6	0	WALRUS	1585	1	n/a	1	n/a	n/a	n/a	n/a	n/a
4077.888	n/a	RECOG_CONF	2038944	n/a	LTP189	ltpFR	16	6	0	WALRUS	1585	n/a	4	1	n/a	n/a	n/a	n/a	n/a
4079.536	n/a	RECOG_TARGET	2039768	n/a	LTP189	ltpFR	16	6	1	BRANDY	169	1	3	0	n/a	n/a	n/a	n/a	n/a
4080.426	n/a	RECOG_RESP_VV	2040213	n/a	LTP189	ltpFR	16	6	1	BRANDY	169	0	n/a	0	n/a	n/a	n/a	n/a	n/a
4081.782	n/a	RECOG_RESP	2040891	n/a	LTP189	ltpFR	16	6	1	BRANDY	169	1	n/a	0	n/a	n/a	n/a	n/a	n/a
4082.482	n/a	RECOG_CONF	2041241	n/a	LTP189	ltpFR	16	6	1	BRANDY	169	n/a	3	0	n/a	n/a	n/a	n/a	n/a
4084.246	n/a	RECOG_TARGET	2042123	n/a	LTP189	ltpFR	16	6	0	PUDDING	1139	0	4	0	n/a	n/a	n/a	n/a	n/a
4087.012	n/a	RECOG_RESP_VV	2043506	n/a	LTP189	ltpFR	16	6	0	PUDDING	1139	1	n/a	0	n/a	n/a	n/a	n/a	n/a
4097.488	n/a	RECOG_RESP	2048744	n/a	LTP189	ltpFR	16	6	0	PUDDING	1139	0	n/a	0	n/a	n/a	n/a	n/a	n/a
4098.542	n/a	RECOG_CONF	2049271	n/a	LTP189	ltpFR	16	6	0	PUDDING	1139	n/a	4	0	n/a	n/a	n/a	n/a	n/a
4100.372	n/a	RECOG_TARGET	2050186	n/a	LTP189	ltpFR	16	6	0	CAB	209	1	3	1	n/a	n/a	n/a	n/a	n/a
4102.298	n/a	RECOG_RESP	2051149	n/a	LTP189	ltpFR	16	6	0	CAB	209	1	n/a	1	n/a	n/a	n/a	n/a	n/a
4103.28	n/a	RECOG_CONF	2051640	n/a	LTP189	ltpFR	16	6	0	CAB	209	n/a	3	1	n/a	n/a	n/a	n/a	n/a
4105.098	n/a	RECOG_LURE	2052549	n/a	LTP189	ltpFR	16	6	n/a	SPOON	1357	0	4	n/a	n/a	n/a	n/a	n/a	n/a
4106.05	n/a	RECOG_RESP_VV	2053025	n/a	LTP189	ltpFR	16	6	n/a	SPOON	1357	1	n/a	n/a	n/a	n/a	n/a	n/a	n/a
4106.938	n/a	RECOG_RESP	2053469	n/a	LTP189	ltpFR	16	6	n/a	SPOON	1357	0	n/a	n/a	n/a	n/a	n/a	n/a	n/a
4107.614	n/a	RECOG_CONF	2053807	n/a	LTP189	ltpFR	16	6	n/a	SPOON	1357	n/a	4	n/a	n/a	n/a	n/a	n/a	n/a
4127.09	n/a	REC_START	2063545	n/a	LTP189	ltpFR	16	7	n/a	n/a	n/a	n/a	n/a	n/a	n/a	n/a	n/a	n/a	n/a
4127.116	n/a	RECOG_TARGET	2063558	n/a	LTP189	ltpFR	16	7	0	POT	1114	1	5	0	n/a	n/a	n/a	n/a	n/a
4128.188	n/a	RECOG_RESP	2064094	n/a	LTP189	ltpFR	16	7	0	POT	1114	1	n/a	0	n/a	n/a	n/a	n/a	n/a
4128.912	n/a	RECOG_CONF	2064456	n/a	LTP189	ltpFR	16	7	0	POT	1114	n/a	5	0	n/a	n/a	n/a	n/a	n/a
4130.56	n/a	RECOG_TARGET	2065280	n/a	LTP189	ltpFR	16	7	1	SHELTER	1282	1	4	0	n/a	n/a	n/a	n/a	n/a
4131.624	n/a	RECOG_RESP	2065812	n/a	LTP189	ltpFR	16	7	1	SHELTER	1282	1	n/a	0	n/a	n/a	n/a	n/a	n/a
4132.314	n/a	RECOG_CONF	2066157	n/a	LTP189	ltpFR	16	7	1	SHELTER	1282	n/a	4	0	n/a	n/a	n/a	n/a	n/a
4134.056	n/a	RECOG_TARGET	2067028	n/a	LTP189	ltpFR	16	7	1	BROOK	177	1	3	0	n/a	n/a	n/a	n/a	n/a
4134.814	n/a	RECOG_RESP	2067407	n/a	LTP189	ltpFR	16	7	1	BROOK	177	1	n/a	0	n/a	n/a	n/a	n/a	n/a
4135.604	n/a	RECOG_CONF	2067802	n/a	LTP189	ltpFR	16	7	1	BROOK	177	n/a	3	0	n/a	n/a	n/a	n/a	n/a
4137.316	n/a	RECOG_LURE	2068658	n/a	LTP189	ltpFR	16	7	n/a	COMET	353	0	4	n/a	n/a	n/a	n/a	n/a	n/a
4138.116	n/a	RECOG_RESP	2069058	n/a	LTP189	ltpFR	16	7	n/a	COMET	353	0	n/a	n/a	n/a	n/a	n/a	n/a	n/a
4138.87	n/a	RECOG_CONF	2069435	n/a	LTP189	ltpFR	16	7	n/a	COMET	353	n/a	4	n/a	n/a	n/a	n/a	n/a	n/a
4140.578	n/a	RECOG_TARGET	2070289	n/a	LTP189	ltpFR	16	7	0	ALLIGATOR	16	1	4	1	n/a	n/a	n/a	n/a	n/a
4141.466	n/a	RECOG_RESP	2070733	n/a	LTP189	ltpFR	16	7	0	ALLIGATOR	16	1	n/a	1	n/a	n/a	n/a	n/a	n/a
4142.092	n/a	RECOG_CONF	2071046	n/a	LTP189	ltpFR	16	7	0	ALLIGATOR	16	n/a	4	1	n/a	n/a	n/a	n/a	n/a
4143.84	n/a	RECOG_LURE	2071920	n/a	LTP189	ltpFR	16	7	n/a	LIGHTNING	820	1	3	n/a	n/a	n/a	n/a	n/a	n/a
4144.448	n/a	RECOG_RESP	2072224	n/a	LTP189	ltpFR	16	7	n/a	LIGHTNING	820	1	n/a	n/a	n/a	n/a	n/a	n/a	n/a
4146.056	n/a	RECOG_CONF	2073028	n/a	LTP189	ltpFR	16	7	n/a	LIGHTNING	820	n/a	3	n/a	n/a	n/a	n/a	n/a	n/a
4147.884	n/a	RECOG_TARGET	2073942	n/a	LTP189	ltpFR	16	7	-1	PILOT	1070	1	5	-1	n/a	n/a	n/a	n/a	n/a
4148.572	n/a	RECOG_RESP	2074286	n/a	LTP189	ltpFR	16	7	-1	PILOT	1070	1	n/a	-1	n/a	n/a	n/a	n/a	n/a
4149.08	n/a	RECOG_CONF	2074540	n/a	LTP189	ltpFR	16	7	-1	PILOT	1070	n/a	5	-1	n/a	n/a	n/a	n/a	n/a
4150.798	n/a	RECOG_TARGET	2075399	n/a	LTP189	ltpFR	16	7	-1	PUMPKIN	1142	1	4	-1	n/a	n/a	n/a	n/a	n/a
4151.34	n/a	RECOG_RESP	2075670	n/a	LTP189	ltpFR	16	7	-1	PUMPKIN	1142	1	n/a	-1	n/a	n/a	n/a	n/a	n/a
4151.836	n/a	RECOG_CONF	2075918	n/a	LTP189	ltpFR	16	7	-1	PUMPKIN	1142	n/a	4	-1	n/a	n/a	n/a	n/a	n/a
4153.594	n/a	RECOG_TARGET	2076797	n/a	LTP189	ltpFR	16	7	1	BARK	87	1	5	0	n/a	n/a	n/a	n/a	n/a
4154.16	n/a	RECOG_RESP	2077080	n/a	LTP189	ltpFR	16	7	1	BARK	87	1	n/a	0	n/a	n/a	n/a	n/a	n/a
4154.658	n/a	RECOG_CONF	2077329	n/a	LTP189	ltpFR	16	7	1	BARK	87	n/a	5	0	n/a	n/a	n/a	n/a	n/a
4156.556	n/a	RECOG_LURE	2078278	n/a	LTP189	ltpFR	16	7	n/a	CAKE	219	0	3	n/a	n/a	n/a	n/a	n/a	n/a
4157.852	n/a	RECOG_RESP	2078926	n/a	LTP189	ltpFR	16	7	n/a	CAKE	219	0	n/a	n/a	n/a	n/a	n/a	n/a	n/a
4158.518	n/a	RECOG_CONF	2079259	n/a	LTP189	ltpFR	16	7	n/a	CAKE	219	n/a	3	n/a	n/a	n/a	n/a	n/a	n/a
4160.266	n/a	RECOG_TARGET	2080133	n/a	LTP189	ltpFR	16	7	0	ISLAND	745	1	4	1	n/a	n/a	n/a	n/a	n/a
4161.02	n/a	RECOG_RESP	2080510	n/a	LTP189	ltpFR	16	7	0	ISLAND	745	1	n/a	1	n/a	n/a	n/a	n/a	n/a
4161.718	n/a	RECOG_CONF	2080859	n/a	LTP189	ltpFR	16	7	0	ISLAND	745	n/a	4	1	n/a	n/a	n/a	n/a	n/a
4163.18	n/a	RECOG_TARGET	2081590	n/a	LTP189	ltpFR	16	7	0	COURT	391	1	5	1	n/a	n/a	n/a	n/a	n/a
4163.838	n/a	RECOG_RESP	2081919	n/a	LTP189	ltpFR	16	7	0	COURT	391	1	n/a	1	n/a	n/a	n/a	n/a	n/a
4164.492	n/a	RECOG_CONF	2082246	n/a	LTP189	ltpFR	16	7	0	COURT	391	n/a	5	1	n/a	n/a	n/a	n/a	n/a
4166.108	n/a	RECOG_TARGET	2083054	n/a	LTP189	ltpFR	16	7	1	OX	994	1	3	1	n/a	n/a	n/a	n/a	n/a
4166.818	n/a	RECOG_RESP_VV	2083409	n/a	LTP189	ltpFR	16	7	1	OX	994	0	n/a	1	n/a	n/a	n/a	n/a	n/a
4167.414	n/a	RECOG_RESP_VV	2083707	n/a	LTP189	ltpFR	16	7	1	OX	994	n/a	4	1	n/a	n/a	n/a	n/a	n/a
4168.428	n/a	RECOG_RESP	2084214	n/a	LTP189	ltpFR	16	7	1	OX	994	1	n/a	1	n/a	n/a	n/a	n/a	n/a
4169.148	n/a	RECOG_CONF	2084574	n/a	LTP189	ltpFR	16	7	1	OX	994	n/a	3	1	n/a	n/a	n/a	n/a	n/a
4171.05	n/a	RECOG_TARGET	2085525	n/a	LTP189	ltpFR	16	7	1	PLATE	1086	0	4	0	n/a	n/a	n/a	n/a	n/a
4172.36	n/a	RECOG_RESP	2086180	n/a	LTP189	ltpFR	16	7	1	PLATE	1086	0	n/a	0	n/a	n/a	n/a	n/a	n/a
4173.008	n/a	RECOG_CONF	2086504	n/a	LTP189	ltpFR	16	7	1	PLATE	1086	n/a	4	0	n/a	n/a	n/a	n/a	n/a
4174.746	n/a	RECOG_TARGET	2087373	n/a	LTP189	ltpFR	16	7	0	CRYSTAL	418	0	3	0	n/a	n/a	n/a	n/a	n/a
4176.152	n/a	RECOG_RESP	2088076	n/a	LTP189	ltpFR	16	7	0	CRYSTAL	418	0	n/a	0	n/a	n/a	n/a	n/a	n/a
4176.754	n/a	RECOG_CONF	2088377	n/a	LTP189	ltpFR	16	7	0	CRYSTAL	418	n/a	3	0	n/a	n/a	n/a	n/a	n/a
4178.656	n/a	RECOG_TARGET	2089328	n/a	LTP189	ltpFR	16	7	0	BOULEVARD	156	1	4	1	n/a	n/a	n/a	n/a	n/a
4179.414	n/a	RECOG_RESP	2089707	n/a	LTP189	ltpFR	16	7	0	BOULEVARD	156	1	n/a	1	n/a	n/a	n/a	n/a	n/a
4180.156	n/a	RECOG_CONF	2090078	n/a	LTP189	ltpFR	16	7	0	BOULEVARD	156	n/a	4	1	n/a	n/a	n/a	n/a	n/a
4181.868	n/a	RECOG_TARGET	2090934	n/a	LTP189	ltpFR	16	7	0	FISH	571	1	3	0	n/a	n/a	n/a	n/a	n/a
4182.996	n/a	RECOG_RESP	2091498	n/a	LTP189	ltpFR	16	7	0	FISH	571	1	n/a	0	n/a	n/a	n/a	n/a	n/a
4183.748	n/a	RECOG_CONF	2091874	n/a	LTP189	ltpFR	16	7	0	FISH	571	n/a	3	0	n/a	n/a	n/a	n/a	n/a
4185.38	n/a	RECOG_LURE	2092690	n/a	LTP189	ltpFR	16	7	n/a	COBRA	336	0	5	n/a	n/a	n/a	n/a	n/a	n/a
4186.822	n/a	RECOG_RESP	2093411	n/a	LTP189	ltpFR	16	7	n/a	COBRA	336	0	n/a	n/a	n/a	n/a	n/a	n/a	n/a
4187.422	n/a	RECOG_CONF	2093711	n/a	LTP189	ltpFR	16	7	n/a	COBRA	336	n/a	5	n/a	n/a	n/a	n/a	n/a	n/a
4189.34	n/a	RECOG_TARGET	2094670	n/a	LTP189	ltpFR	16	7	1	ROBE	1198	1	4	0	n/a	n/a	n/a	n/a	n/a
4190.442	n/a	RECOG_RESP	2095221	n/a	LTP189	ltpFR	16	7	1	ROBE	1198	1	n/a	0	n/a	n/a	n/a	n/a	n/a
4190.996	n/a	RECOG_CONF	2095498	n/a	LTP189	ltpFR	16	7	1	ROBE	1198	n/a	4	0	n/a	n/a	n/a	n/a	n/a
4192.918	n/a	RECOG_TARGET	2096459	n/a	LTP189	ltpFR	16	7	-1	MOUNTAIN	924	1	4	-1	n/a	n/a	n/a	n/a	n/a
4196.52	n/a	RECOG_RESP	2098260	n/a	LTP189	ltpFR	16	7	-1	MOUNTAIN	924	1	n/a	-1	n/a	n/a	n/a	n/a	n/a
4197.142	n/a	RECOG_CONF	2098571	n/a	LTP189	ltpFR	16	7	-1	MOUNTAIN	924	n/a	4	-1	n/a	n/a	n/a	n/a	n/a
4201.476	n/a	REC_START	2100738	n/a	LTP189	ltpFR	16	8	n/a	n/a	n/a	n/a	n/a	n/a	n/a	n/a	n/a	n/a	n/a
4201.506	n/a	RECOG_LURE	2100753	n/a	LTP189	ltpFR	16	8	n/a	DRAWER	493	0	3	n/a	n/a	n/a	n/a	n/a	n/a
4202.364	n/a	RECOG_RESP	2101182	n/a	LTP189	ltpFR	16	8	n/a	DRAWER	493	0	n/a	n/a	n/a	n/a	n/a	n/a	n/a
4203.008	n/a	RECOG_CONF	2101504	n/a	LTP189	ltpFR	16	8	n/a	DRAWER	493	n/a	3	n/a	n/a	n/a	n/a	n/a	n/a
4204.518	n/a	RECOG_TARGET	2102259	n/a	LTP189	ltpFR	16	8	1	ATHLETE	52	1	4	1	n/a	n/a	n/a	n/a	n/a
4205.26	n/a	RECOG_RESP	2102630	n/a	LTP189	ltpFR	16	8	1	ATHLETE	52	1	n/a	1	n/a	n/a	n/a	n/a	n/a
4205.766	n/a	RECOG_CONF	2102883	n/a	LTP189	ltpFR	16	8	1	ATHLETE	52	n/a	4	1	n/a	n/a	n/a	n/a	n/a
4207.464	n/a	RECOG_LURE	2103732	n/a	LTP189	ltpFR	16	8	n/a	TROMBONE	1508	0	1	n/a	n/a	n/a	n/a	n/a	n/a
4208.608	n/a	RECOG_RESP	2104304	n/a	LTP189	ltpFR	16	8	n/a	TROMBONE	1508	0	n/a	n/a	n/a	n/a	n/a	n/a	n/a
4210.81	n/a	RECOG_CONF	2105405	n/a	LTP189	ltpFR	16	8	n/a	TROMBONE	1508	n/a	1	n/a	n/a	n/a	n/a	n/a	n/a
4212.438	n/a	RECOG_TARGET	2106219	n/a	LTP189	ltpFR	16	8	1	PARSLEY	1016	1	4	0	n/a	n/a	n/a	n/a	n/a
4213.162	n/a	RECOG_RESP	2106581	n/a	LTP189	ltpFR	16	8	1	PARSLEY	1016	1	n/a	0	n/a	n/a	n/a	n/a	n/a
4213.746	n/a	RECOG_CONF	2106873	n/a	LTP189	ltpFR	16	8	1	PARSLEY	1016	n/a	4	0	n/a	n/a	n/a	n/a	n/a
4215.434	n/a	RECOG_TARGET	2107717	n/a	LTP189	ltpFR	16	8	0	FOLDER	588	1	4	0	n/a	n/a	n/a	n/a	n/a
4217.37	n/a	RECOG_RESP	2108685	n/a	LTP189	ltpFR	16	8	0	FOLDER	588	1	n/a	0	n/a	n/a	n/a	n/a	n/a
4217.894	n/a	RECOG_CONF	2108947	n/a	LTP189	ltpFR	16	8	0	FOLDER	588	n/a	4	0	n/a	n/a	n/a	n/a	n/a
4219.628	n/a	RECOG_TARGET	2109814	n/a	LTP189	ltpFR	16	8	-1	PADDING	999	1	4	-1	n/a	n/a	n/a	n/a	n/a
4220.866	n/a	RECOG_RESP	2110433	n/a	LTP189	ltpFR	16	8	-1	PADDING	999	1	n/a	-1	n/a	n/a	n/a	n/a	n/a
4221.434	n/a	RECOG_CONF	2110717	n/a	LTP189	ltpFR	16	8	-1	PADDING	999	n/a	4	-1	n/a	n/a	n/a	n/a	n/a
4223.19	n/a	RECOG_TARGET	2111595	n/a	LTP189	ltpFR	16	8	0	CYLINDER	432	1	3	0	n/a	n/a	n/a	n/a	n/a
4224.876	n/a	RECOG_RESP	2112438	n/a	LTP189	ltpFR	16	8	0	CYLINDER	432	1	n/a	0	n/a	n/a	n/a	n/a	n/a
4225.534	n/a	RECOG_CONF	2112767	n/a	LTP189	ltpFR	16	8	0	CYLINDER	432	n/a	3	0	n/a	n/a	n/a	n/a	n/a
4227.284	n/a	RECOG_LURE	2113642	n/a	LTP189	ltpFR	16	8	n/a	LEMON	810	0	4	n/a	n/a	n/a	n/a	n/a	n/a
4228.012	n/a	RECOG_RESP	2114006	n/a	LTP189	ltpFR	16	8	n/a	LEMON	810	0	n/a	n/a	n/a	n/a	n/a	n/a	n/a
4228.542	n/a	RECOG_CONF	2114271	n/a	LTP189	ltpFR	16	8	n/a	LEMON	810	n/a	4	n/a	n/a	n/a	n/a	n/a	n/a
4230.264	n/a	RECOG_TARGET	2115132	n/a	LTP189	ltpFR	16	8	1	DEER	444	0	1	1	n/a	n/a	n/a	n/a	n/a
4231.15	n/a	RECOG_RESP	2115575	n/a	LTP189	ltpFR	16	8	1	DEER	444	0	n/a	1	n/a	n/a	n/a	n/a	n/a
4232.308	n/a	RECOG_CONF	2116154	n/a	LTP189	ltpFR	16	8	1	DEER	444	n/a	1	1	n/a	n/a	n/a	n/a	n/a
4233.924	n/a	RECOG_TARGET	2116962	n/a	LTP189	ltpFR	16	8	1	OTTER	986	1	3	1	n/a	n/a	n/a	n/a	n/a
4234.628	n/a	RECOG_RESP	2117314	n/a	LTP189	ltpFR	16	8	1	OTTER	986	1	n/a	1	n/a	n/a	n/a	n/a	n/a
4235.54	n/a	RECOG_CONF	2117770	n/a	LTP189	ltpFR	16	8	1	OTTER	986	n/a	3	1	n/a	n/a	n/a	n/a	n/a
4237.154	n/a	RECOG_TARGET	2118577	n/a	LTP189	ltpFR	16	8	0	CHEF	290	1	4	n/a	n/a	n/a	n/a	n/a	n/a
4238.064	n/a	RECOG_RESP	2119032	n/a	LTP189	ltpFR	16	8	0	CHEF	290	1	n/a	n/a	n/a	n/a	n/a	n/a	n/a
4238.858	n/a	RECOG_CONF	2119429	n/a	LTP189	ltpFR	16	8	0	CHEF	290	n/a	4	n/a	n/a	n/a	n/a	n/a	n/a
4240.482	n/a	RECOG_TARGET	2120241	n/a	LTP189	ltpFR	16	8	-1	BUG	187	1	4	-1	n/a	n/a	n/a	n/a	n/a
4241.08	n/a	RECOG_RESP	2120540	n/a	LTP189	ltpFR	16	8	-1	BUG	187	1	n/a	-1	n/a	n/a	n/a	n/a	n/a
4241.702	n/a	RECOG_CONF	2120851	n/a	LTP189	ltpFR	16	8	-1	BUG	187	n/a	4	-1	n/a	n/a	n/a	n/a	n/a
4243.41	n/a	RECOG_TARGET	2121705	n/a	LTP189	ltpFR	16	8	-1	ORCHESTRA	981	1	5	-1	n/a	n/a	n/a	n/a	n/a
4244.17	n/a	RECOG_RESP	2122085	n/a	LTP189	ltpFR	16	8	-1	ORCHESTRA	981	1	n/a	-1	n/a	n/a	n/a	n/a	n/a
4244.944	n/a	RECOG_CONF	2122472	n/a	LTP189	ltpFR	16	8	-1	ORCHESTRA	981	n/a	5	-1	n/a	n/a	n/a	n/a	n/a
4246.872	n/a	RECOG_TARGET	2123436	n/a	LTP189	ltpFR	16	8	0	BRIEFCASE	175	1	4	0	n/a	n/a	n/a	n/a	n/a
4247.622	n/a	RECOG_RESP	2123811	n/a	LTP189	ltpFR	16	8	0	BRIEFCASE	175	1	n/a	0	n/a	n/a	n/a	n/a	n/a
4248.222	n/a	RECOG_CONF	2124111	n/a	LTP189	ltpFR	16	8	0	BRIEFCASE	175	n/a	4	0	n/a	n/a	n/a	n/a	n/a
4249.834	n/a	RECOG_LURE	2124917	n/a	LTP189	ltpFR	16	8	n/a	DUNE	506	0	1	n/a	n/a	n/a	n/a	n/a	n/a
4250.638	n/a	RECOG_RESP_VV	2125319	n/a	LTP189	ltpFR	16	8	n/a	DUNE	506	1	n/a	n/a	n/a	n/a	n/a	n/a	n/a
4251.49	n/a	RECOG_RESP_VV	2125745	n/a	LTP189	ltpFR	16	8	n/a	DUNE	506	n/a	3	n/a	n/a	n/a	n/a	n/a	n/a
4252.534	n/a	RECOG_RESP_VV	2126267	n/a	LTP189	ltpFR	16	8	n/a	DUNE	506	n/a	1	n/a	n/a	n/a	n/a	n/a	n/a
4254.054	n/a	RECOG_RESP	2127027	n/a	LTP189	ltpFR	16	8	n/a	DUNE	506	0	n/a	n/a	n/a	n/a	n/a	n/a	n/a
4254.402	n/a	RECOG_CONF	2127201	n/a	LTP189	ltpFR	16	8	n/a	DUNE	506	n/a	1	n/a	n/a	n/a	n/a	n/a	n/a
4256.192	n/a	RECOG_TARGET	2128096	n/a	LTP189	ltpFR	16	8	1	MOOSE	915	1	4	1	n/a	n/a	n/a	n/a	n/a
4258.582	n/a	RECOG_RESP	2129291	n/a	LTP189	ltpFR	16	8	1	MOOSE	915	1	n/a	1	n/a	n/a	n/a	n/a	n/a
4259.082	n/a	RECOG_CONF	2129541	n/a	LTP189	ltpFR	16	8	1	MOOSE	915	n/a	4	1	n/a	n/a	n/a	n/a	n/a
4261.0	n/a	RECOG_TARGET	2130500	n/a	LTP189	ltpFR	16	8	-1	BEVERAGE	123	1	5	-1	n/a	n/a	n/a	n/a	n/a
4263.286	n/a	RECOG_RESP	2131643	n/a	LTP189	ltpFR	16	8	-1	BEVERAGE	123	1	n/a	-1	n/a	n/a	n/a	n/a	n/a
4263.832	n/a	RECOG_CONF	2131916	n/a	LTP189	ltpFR	16	8	-1	BEVERAGE	123	n/a	5	-1	n/a	n/a	n/a	n/a	n/a
4265.828	n/a	RECOG_TARGET	2132914	n/a	LTP189	ltpFR	16	8	1	HORIZON	717	1	5	0	n/a	n/a	n/a	n/a	n/a
4266.542	n/a	RECOG_RESP	2133271	n/a	LTP189	ltpFR	16	8	1	HORIZON	717	1	n/a	0	n/a	n/a	n/a	n/a	n/a
4267.046	n/a	RECOG_CONF	2133523	n/a	LTP189	ltpFR	16	8	1	HORIZON	717	n/a	5	0	n/a	n/a	n/a	n/a	n/a
4268.774	n/a	RECOG_LURE	2134387	n/a	LTP189	ltpFR	16	8	n/a	CLASS	318	1	4	n/a	n/a	n/a	n/a	n/a	n/a
4269.28	n/a	RECOG_RESP	2134640	n/a	LTP189	ltpFR	16	8	n/a	CLASS	318	1	n/a	n/a	n/a	n/a	n/a	n/a	n/a
4269.872	n/a	RECOG_CONF	2134936	n/a	LTP189	ltpFR	16	8	n/a	CLASS	318	n/a	4	n/a	n/a	n/a	n/a	n/a	n/a
4271.552	n/a	RECOG_TARGET	2135776	n/a	LTP189	ltpFR	16	8	0	EARRING	514	1	4	0	n/a	n/a	n/a	n/a	n/a
4272.48	n/a	RECOG_RESP	2136240	n/a	LTP189	ltpFR	16	8	0	EARRING	514	1	n/a	0	n/a	n/a	n/a	n/a	n/a
4272.96	n/a	RECOG_CONF	2136480	n/a	LTP189	ltpFR	16	8	0	EARRING	514	n/a	4	0	n/a	n/a	n/a	n/a	n/a
4286.148	n/a	REC_START	2143074	n/a	LTP189	ltpFR	16	9	n/a	n/a	n/a	n/a	n/a	n/a	n/a	n/a	n/a	n/a	n/a
4286.18	n/a	RECOG_LURE	2143090	n/a	LTP189	ltpFR	16	9	n/a	BALLOT	76	0	4	n/a	n/a	n/a	n/a	n/a	n/a
4287.74	n/a	RECOG_RESP_VV	2143870	n/a	LTP189	ltpFR	16	9	n/a	BALLOT	76	0	n/a	n/a	n/a	n/a	n/a	n/a	n/a
4288.09	n/a	RECOG_RESP_VV	2144045	n/a	LTP189	ltpFR	16	9	n/a	BALLOT	76	n/a	1	n/a	n/a	n/a	n/a	n/a	n/a
4288.798	n/a	RECOG_RESP	2144399	n/a	LTP189	ltpFR	16	9	n/a	BALLOT	76	0	n/a	n/a	n/a	n/a	n/a	n/a	n/a
4289.136	n/a	RECOG_CONF	2144568	n/a	LTP189	ltpFR	16	9	n/a	BALLOT	76	n/a	4	n/a	n/a	n/a	n/a	n/a	n/a
4290.54	n/a	RECOG_TARGET	2145270	n/a	LTP189	ltpFR	16	9	-1	SCOUT	1252	1	3	-1	n/a	n/a	n/a	n/a	n/a
4292.182	n/a	RECOG_RESP	2146091	n/a	LTP189	ltpFR	16	9	-1	SCOUT	1252	1	n/a	-1	n/a	n/a	n/a	n/a	n/a
4292.79	n/a	RECOG_CONF	2146395	n/a	LTP189	ltpFR	16	9	-1	SCOUT	1252	n/a	3	-1	n/a	n/a	n/a	n/a	n/a
4294.436	n/a	RECOG_TARGET	2147218	n/a	LTP189	ltpFR	16	9	-1	AUDIENCE	59	1	4	-1	n/a	n/a	n/a	n/a	n/a
4295.046	n/a	RECOG_RESP	2147523	n/a	LTP189	ltpFR	16	9	-1	AUDIENCE	59	1	n/a	-1	n/a	n/a	n/a	n/a	n/a
4295.568	n/a	RECOG_CONF	2147784	n/a	LTP189	ltpFR	16	9	-1	AUDIENCE	59	n/a	4	-1	n/a	n/a	n/a	n/a	n/a
4297.314	n/a	RECOG_TARGET	2148657	n/a	LTP189	ltpFR	16	9	0	WRITER	1627	1	3	0	n/a	n/a	n/a	n/a	n/a
4298.068	n/a	RECOG_RESP	2149034	n/a	LTP189	ltpFR	16	9	0	WRITER	1627	1	n/a	0	n/a	n/a	n/a	n/a	n/a
4298.702	n/a	RECOG_CONF	2149351	n/a	LTP189	ltpFR	16	9	0	WRITER	1627	n/a	3	0	n/a	n/a	n/a	n/a	n/a
4300.276	n/a	RECOG_TARGET	2150138	n/a	LTP189	ltpFR	16	9	-1	IDOL	733	0	1	-1	n/a	n/a	n/a	n/a	n/a
4301.234	n/a	RECOG_RESP	2150617	n/a	LTP189	ltpFR	16	9	-1	IDOL	733	0	n/a	-1	n/a	n/a	n/a	n/a	n/a
4302.066	n/a	RECOG_CONF	2151033	n/a	LTP189	ltpFR	16	9	-1	IDOL	733	n/a	1	-1	n/a	n/a	n/a	n/a	n/a
4303.688	n/a	RECOG_TARGET	2151844	n/a	LTP189	ltpFR	16	9	1	MUSEUM	933	1	4	0	n/a	n/a	n/a	n/a	n/a
4304.33	n/a	RECOG_RESP	2152165	n/a	LTP189	ltpFR	16	9	1	MUSEUM	933	1	n/a	0	n/a	n/a	n/a	n/a	n/a
4305.07	n/a	RECOG_CONF	2152535	n/a	LTP189	ltpFR	16	9	1	MUSEUM	933	n/a	4	0	n/a	n/a	n/a	n/a	n/a
4306.566	n/a	RECOG_TARGET	2153283	n/a	LTP189	ltpFR	16	9	0	DRILL	497	1	4	1	n/a	n/a	n/a	n/a	n/a
4307.046	n/a	RECOG_RESP	2153523	n/a	LTP189	ltpFR	16	9	0	DRILL	497	1	n/a	1	n/a	n/a	n/a	n/a	n/a
4307.65	n/a	RECOG_CONF	2153825	n/a	LTP189	ltpFR	16	9	0	DRILL	497	n/a	4	1	n/a	n/a	n/a	n/a	n/a
4309.462	n/a	RECOG_TARGET	2154731	n/a	LTP189	ltpFR	16	9	0	ERASER	538	1	5	0	n/a	n/a	n/a	n/a	n/a
4309.974	n/a	RECOG_RESP	2154987	n/a	LTP189	ltpFR	16	9	0	ERASER	538	1	n/a	0	n/a	n/a	n/a	n/a	n/a
4310.54	n/a	RECOG_CONF	2155270	n/a	LTP189	ltpFR	16	9	0	ERASER	538	n/a	5	0	n/a	n/a	n/a	n/a	n/a
4312.292	n/a	RECOG_LURE	2156146	n/a	LTP189	ltpFR	16	9	n/a	TROUT	1511	0	3	n/a	n/a	n/a	n/a	n/a	n/a
4313.034	n/a	RECOG_RESP	2156517	n/a	LTP189	ltpFR	16	9	n/a	TROUT	1511	0	n/a	n/a	n/a	n/a	n/a	n/a	n/a
4313.69	n/a	RECOG_CONF	2156845	n/a	LTP189	ltpFR	16	9	n/a	TROUT	1511	n/a	3	n/a	n/a	n/a	n/a	n/a	n/a
4315.32	n/a	RECOG_TARGET	2157660	n/a	LTP189	ltpFR	16	9	0	SINK	1309	1	4	0	n/a	n/a	n/a	n/a	n/a
4315.788	n/a	RECOG_RESP	2157894	n/a	LTP189	ltpFR	16	9	0	SINK	1309	1	n/a	0	n/a	n/a	n/a	n/a	n/a
4316.38	n/a	RECOG_CONF	2158190	n/a	LTP189	ltpFR	16	9	0	SINK	1309	n/a	4	0	n/a	n/a	n/a	n/a	n/a
4318.166	n/a	RECOG_TARGET	2159083	n/a	LTP189	ltpFR	16	9	-1	SWIMMER	1420	1	4	-1	n/a	n/a	n/a	n/a	n/a
4318.834	n/a	RECOG_RESP	2159417	n/a	LTP189	ltpFR	16	9	-1	SWIMMER	1420	1	n/a	-1	n/a	n/a	n/a	n/a	n/a
4319.448	n/a	RECOG_CONF	2159724	n/a	LTP189	ltpFR	16	9	-1	SWIMMER	1420	n/a	4	-1	n/a	n/a	n/a	n/a	n/a
4321.246	n/a	RECOG_TARGET	2160623	n/a	LTP189	ltpFR	16	9	1	TRENCH	1503	1	5	0	n/a	n/a	n/a	n/a	n/a
4321.84	n/a	RECOG_RESP	2160920	n/a	LTP189	ltpFR	16	9	1	TRENCH	1503	1	n/a	0	n/a	n/a	n/a	n/a	n/a
4322.328	n/a	RECOG_CONF	2161164	n/a	LTP189	ltpFR	16	9	1	TRENCH	1503	n/a	5	0	n/a	n/a	n/a	n/a	n/a
4324.19	n/a	RECOG_LURE	2162095	n/a	LTP189	ltpFR	16	9	n/a	GLOVE	642	1	3	n/a	n/a	n/a	n/a	n/a	n/a
4324.812	n/a	RECOG_RESP	2162406	n/a	LTP189	ltpFR	16	9	n/a	GLOVE	642	1	n/a	n/a	n/a	n/a	n/a	n/a	n/a
4325.454	n/a	RECOG_CONF	2162727	n/a	LTP189	ltpFR	16	9	n/a	GLOVE	642	n/a	3	n/a	n/a	n/a	n/a	n/a	n/a
4327.17	n/a	RECOG_TARGET	2163585	n/a	LTP189	ltpFR	16	9	1	NERVE	944	1	3	1	n/a	n/a	n/a	n/a	n/a
4328.474	n/a	RECOG_RESP	2164237	n/a	LTP189	ltpFR	16	9	1	NERVE	944	1	n/a	1	n/a	n/a	n/a	n/a	n/a
4329.362	n/a	RECOG_CONF	2164681	n/a	LTP189	ltpFR	16	9	1	NERVE	944	n/a	3	1	n/a	n/a	n/a	n/a	n/a
4330.98	n/a	RECOG_TARGET	2165490	n/a	LTP189	ltpFR	16	9	1	GRAPE	654	1	2	1	n/a	n/a	n/a	n/a	n/a
4331.952	n/a	RECOG_RESP_VV	2165976	n/a	LTP189	ltpFR	16	9	1	GRAPE	654	0	n/a	1	n/a	n/a	n/a	n/a	n/a
4332.684	n/a	RECOG_RESP	2166342	n/a	LTP189	ltpFR	16	9	1	GRAPE	654	1	n/a	1	n/a	n/a	n/a	n/a	n/a
4333.43	n/a	RECOG_CONF	2166715	n/a	LTP189	ltpFR	16	9	1	GRAPE	654	n/a	2	1	n/a	n/a	n/a	n/a	n/a
4335.142	n/a	RECOG_LURE	2167571	n/a	LTP189	ltpFR	16	9	n/a	TOAD	1470	1	4	n/a	n/a	n/a	n/a	n/a	n/a
4338.78	n/a	RECOG_RESP	2169390	n/a	LTP189	ltpFR	16	9	n/a	TOAD	1470	1	n/a	n/a	n/a	n/a	n/a	n/a	n/a
4339.37	n/a	RECOG_CONF	2169685	n/a	LTP189	ltpFR	16	9	n/a	TOAD	1470	n/a	4	n/a	n/a	n/a	n/a	n/a	n/a
4341.032	n/a	RECOG_TARGET	2170516	n/a	LTP189	ltpFR	16	9	1	SQUIRREL	1362	1	3	0	n/a	n/a	n/a	n/a	n/a
4343.606	n/a	RECOG_RESP	2171803	n/a	LTP189	ltpFR	16	9	1	SQUIRREL	1362	1	n/a	0	n/a	n/a	n/a	n/a	n/a
4344.268	n/a	RECOG_CONF	2172134	n/a	LTP189	ltpFR	16	9	1	SQUIRREL	1362	n/a	3	0	n/a	n/a	n/a	n/a	n/a
4346.074	n/a	RECOG_LURE	2173037	n/a	LTP189	ltpFR	16	9	n/a	HOOP	716	1	1	n/a	n/a	n/a	n/a	n/a	n/a
4347.446	n/a	RECOG_RESP_VV	2173723	n/a	LTP189	ltpFR	16	9	n/a	HOOP	716	1	n/a	n/a	n/a	n/a	n/a	n/a	n/a
4348.974	n/a	RECOG_RESP	2174487	n/a	LTP189	ltpFR	16	9	n/a	HOOP	716	1	n/a	n/a	n/a	n/a	n/a	n/a	n/a
4350.13	n/a	RECOG_CONF	2175065	n/a	LTP189	ltpFR	16	9	n/a	HOOP	716	n/a	1	n/a	n/a	n/a	n/a	n/a	n/a
4351.882	n/a	RECOG_TARGET	2175941	n/a	LTP189	ltpFR	16	9	1	MEADOW	881	1	3	1	n/a	n/a	n/a	n/a	n/a
4352.812	n/a	RECOG_RESP	2176406	n/a	LTP189	ltpFR	16	9	1	MEADOW	881	1	n/a	1	n/a	n/a	n/a	n/a	n/a
4353.526	n/a	RECOG_CONF	2176763	n/a	LTP189	ltpFR	16	9	1	MEADOW	881	n/a	3	1	n/a	n/a	n/a	n/a	n/a
4355.112	n/a	RECOG_TARGET	2177556	n/a	LTP189	ltpFR	16	9	0	PASSENGER	1020	1	4	1	n/a	n/a	n/a	n/a	n/a
4355.692	n/a	RECOG_RESP_VV	2177846	n/a	LTP189	ltpFR	16	9	0	PASSENGER	1020	1	n/a	1	n/a	n/a	n/a	n/a	n/a
4356.758	n/a	RECOG_RESP	2178379	n/a	LTP189	ltpFR	16	9	0	PASSENGER	1020	1	n/a	1	n/a	n/a	n/a	n/a	n/a
4357.332	n/a	RECOG_CONF	2178666	n/a	LTP189	ltpFR	16	9	0	PASSENGER	1020	n/a	4	1	n/a	n/a	n/a	n/a	n/a
4362.852	n/a	REC_START	2181426	n/a	LTP189	ltpFR	16	10	n/a	n/a	n/a	n/a	n/a	n/a	n/a	n/a	n/a	n/a	n/a
4362.882	n/a	RECOG_LURE	2181441	n/a	LTP189	ltpFR	16	10	n/a	FIREMAN	569	1	1	n/a	n/a	n/a	n/a	n/a	n/a
4364.894	n/a	RECOG_RESP	2182447	n/a	LTP189	ltpFR	16	10	n/a	FIREMAN	569	1	n/a	n/a	n/a	n/a	n/a	n/a	n/a
4366.778	n/a	RECOG_CONF	2183389	n/a	LTP189	ltpFR	16	10	n/a	FIREMAN	569	n/a	1	n/a	n/a	n/a	n/a	n/a	n/a
4368.542	n/a	RECOG_TARGET	2184271	n/a	LTP189	ltpFR	16	10	-1	STRAWBERRY	1391	1	4	-1	n/a	n/a	n/a	n/a	n/a
4369.516	n/a	RECOG_RESP	2184758	n/a	LTP189	ltpFR	16	10	-1	STRAWBERRY	1391	1	n/a	-1	n/a	n/a	n/a	n/a	n/a
4370.2	n/a	RECOG_CONF	2185100	n/a	LTP189	ltpFR	16	10	-1	STRAWBERRY	1391	n/a	4	-1	n/a	n/a	n/a	n/a	n/a
4371.804	n/a	RECOG_TARGET	2185902	n/a	LTP189	ltpFR	16	10	0	SHORE	1291	1	1	1	n/a	n/a	n/a	n/a	n/a
4372.496	n/a	RECOG_RESP	2186248	n/a	LTP189	ltpFR	16	10	0	SHORE	1291	1	n/a	1	n/a	n/a	n/a	n/a	n/a
4373.294	n/a	RECOG_CONF	2186647	n/a	LTP189	ltpFR	16	10	0	SHORE	1291	n/a	1	1	n/a	n/a	n/a	n/a	n/a
4374.7	n/a	RECOG_TARGET	2187350	n/a	LTP189	ltpFR	16	10	-1	CABBAGE	210	1	3	-1	n/a	n/a	n/a	n/a	n/a
4384.528	n/a	RECOG_RESP	2192264	n/a	LTP189	ltpFR	16	10	-1	CABBAGE	210	1	n/a	-1	n/a	n/a	n/a	n/a	n/a
4385.492	n/a	RECOG_CONF	2192746	n/a	LTP189	ltpFR	16	10	-1	CABBAGE	210	n/a	3	-1	n/a	n/a	n/a	n/a	n/a
4387.364	n/a	RECOG_TARGET	2193682	n/a	LTP189	ltpFR	16	10	-1	LIMOUSINE	824	1	4	-1	n/a	n/a	n/a	n/a	n/a
4388.106	n/a	RECOG_RESP	2194053	n/a	LTP189	ltpFR	16	10	-1	LIMOUSINE	824	1	n/a	-1	n/a	n/a	n/a	n/a	n/a
4388.878	n/a	RECOG_CONF	2194439	n/a	LTP189	ltpFR	16	10	-1	LIMOUSINE	824	n/a	4	-1	n/a	n/a	n/a	n/a	n/a
4390.56	n/a	RECOG_TARGET	2195280	n/a	LTP189	ltpFR	16	10	-1	ACORN	3	1	4	-1	n/a	n/a	n/a	n/a	n/a
4394.546	n/a	RECOG_RESP	2197273	n/a	LTP189	ltpFR	16	10	-1	ACORN	3	1	n/a	-1	n/a	n/a	n/a	n/a	n/a
4395.128	n/a	RECOG_CONF	2197564	n/a	LTP189	ltpFR	16	10	-1	ACORN	3	n/a	4	-1	n/a	n/a	n/a	n/a	n/a
4396.95	n/a	RECOG_TARGET	2198475	n/a	LTP189	ltpFR	16	10	1	COYOTE	396	1	4	1	n/a	n/a	n/a	n/a	n/a
4397.736	n/a	RECOG_RESP	2198868	n/a	LTP189	ltpFR	16	10	1	COYOTE	396	1	n/a	1	n/a	n/a	n/a	n/a	n/a
4398.496	n/a	RECOG_CONF	2199248	n/a	LTP189	ltpFR	16	10	1	COYOTE	396	n/a	4	1	n/a	n/a	n/a	n/a	n/a
4400.178	n/a	RECOG_LURE	2200089	n/a	LTP189	ltpFR	16	10	n/a	PERMIT	1051	1	1	n/a	n/a	n/a	n/a	n/a	n/a
4400.88	n/a	RECOG_RESP	2200440	n/a	LTP189	ltpFR	16	10	n/a	PERMIT	1051	1	n/a	n/a	n/a	n/a	n/a	n/a	n/a
4401.828	n/a	RECOG_CONF	2200914	n/a	LTP189	ltpFR	16	10	n/a	PERMIT	1051	n/a	1	n/a	n/a	n/a	n/a	n/a	n/a
4403.406	n/a	RECOG_TARGET	2201703	n/a	LTP189	ltpFR	16	10	1	GROCERIES	663	1	4	0	n/a	n/a	n/a	n/a	n/a
4404.644	n/a	RECOG_RESP	2202322	n/a	LTP189	ltpFR	16	10	1	GROCERIES	663	1	n/a	0	n/a	n/a	n/a	n/a	n/a
4405.192	n/a	RECOG_CONF	2202596	n/a	LTP189	ltpFR	16	10	1	GROCERIES	663	n/a	4	0	n/a	n/a	n/a	n/a	n/a
4406.82	n/a	RECOG_LURE	2203410	n/a	LTP189	ltpFR	16	10	n/a	QUILT	1151	0	4	n/a	n/a	n/a	n/a	n/a	n/a
4407.66	n/a	RECOG_RESP	2203830	n/a	LTP189	ltpFR	16	10	n/a	QUILT	1151	0	n/a	n/a	n/a	n/a	n/a	n/a	n/a
4408.21	n/a	RECOG_CONF	2204105	n/a	LTP189	ltpFR	16	10	n/a	QUILT	1151	n/a	4	n/a	n/a	n/a	n/a	n/a	n/a
4409.764	n/a	RECOG_LURE	2204882	n/a	LTP189	ltpFR	16	10	n/a	SHIP	1286	0	5	n/a	n/a	n/a	n/a	n/a	n/a
4410.454	n/a	RECOG_RESP	2205227	n/a	LTP189	ltpFR	16	10	n/a	SHIP	1286	0	n/a	n/a	n/a	n/a	n/a	n/a	n/a
4410.956	n/a	RECOG_CONF	2205478	n/a	LTP189	ltpFR	16	10	n/a	SHIP	1286	n/a	5	n/a	n/a	n/a	n/a	n/a	n/a
4412.744	n/a	RECOG_LURE	2206372	n/a	LTP189	ltpFR	16	10	n/a	SACK	1220	0	4	n/a	n/a	n/a	n/a	n/a	n/a
4413.162	n/a	RECOG_RESP	2206581	n/a	LTP189	ltpFR	16	10	n/a	SACK	1220	0	n/a	n/a	n/a	n/a	n/a	n/a	n/a
4413.892	n/a	RECOG_CONF	2206946	n/a	LTP189	ltpFR	16	10	n/a	SACK	1220	n/a	4	n/a	n/a	n/a	n/a	n/a	n/a
4415.556	n/a	RECOG_TARGET	2207778	n/a	LTP189	ltpFR	16	10	0	VICTOR	1563	1	5	0	n/a	n/a	n/a	n/a	n/a
4416.202	n/a	RECOG_RESP	2208101	n/a	LTP189	ltpFR	16	10	0	VICTOR	1563	1	n/a	0	n/a	n/a	n/a	n/a	n/a
4416.744	n/a	RECOG_CONF	2208372	n/a	LTP189	ltpFR	16	10	0	VICTOR	1563	n/a	5	0	n/a	n/a	n/a	n/a	n/a
4418.568	n/a	RECOG_TARGET	2209284	n/a	LTP189	ltpFR	16	10	-1	EMPLOYER	532	1	5	-1	n/a	n/a	n/a	n/a	n/a
4419.21	n/a	RECOG_RESP	2209605	n/a	LTP189	ltpFR	16	10	-1	EMPLOYER	532	1	n/a	-1	n/a	n/a	n/a	n/a	n/a
4419.938	n/a	RECOG_CONF	2209969	n/a	LTP189	ltpFR	16	10	-1	EMPLOYER	532	n/a	5	-1	n/a	n/a	n/a	n/a	n/a
4421.562	n/a	RECOG_LURE	2210781	n/a	LTP189	ltpFR	16	10	n/a	MAILMAN	858	0	3	n/a	n/a	n/a	n/a	n/a	n/a
4422.148	n/a	RECOG_RESP_VV	2211074	n/a	LTP189	ltpFR	16	10	n/a	MAILMAN	858	1	n/a	n/a	n/a	n/a	n/a	n/a	n/a
4422.754	n/a	RECOG_RESP	2211377	n/a	LTP189	ltpFR	16	10	n/a	MAILMAN	858	0	n/a	n/a	n/a	n/a	n/a	n/a	n/a
4423.61	n/a	RECOG_CONF	2211805	n/a	LTP189	ltpFR	16	10	n/a	MAILMAN	858	n/a	3	n/a	n/a	n/a	n/a	n/a	n/a
4425.374	n/a	RECOG_TARGET	2212687	n/a	LTP189	ltpFR	16	10	0	MONGOOSE	909	1	4	0	n/a	n/a	n/a	n/a	n/a
4426.652	n/a	RECOG_RESP_VV	2213326	n/a	LTP189	ltpFR	16	10	0	MONGOOSE	909	0	n/a	0	n/a	n/a	n/a	n/a	n/a
4428.072	n/a	RECOG_RESP	2214036	n/a	LTP189	ltpFR	16	10	0	MONGOOSE	909	1	n/a	0	n/a	n/a	n/a	n/a	n/a
4428.798	n/a	RECOG_CONF	2214399	n/a	LTP189	ltpFR	16	10	0	MONGOOSE	909	n/a	4	0	n/a	n/a	n/a	n/a	n/a
4430.532	n/a	RECOG_TARGET	2215266	n/a	LTP189	ltpFR	16	10	1	WITNESS	1618	1	4	1	n/a	n/a	n/a	n/a	n/a
4431.34	n/a	RECOG_RESP	2215670	n/a	LTP189	ltpFR	16	10	1	WITNESS	1618	1	n/a	1	n/a	n/a	n/a	n/a	n/a
4432.12	n/a	RECOG_CONF	2216060	n/a	LTP189	ltpFR	16	10	1	WITNESS	1618	n/a	4	1	n/a	n/a	n/a	n/a	n/a
4433.562	n/a	RECOG_TARGET	2216781	n/a	LTP189	ltpFR	16	10	0	VEST	1559	1	3	0	n/a	n/a	n/a	n/a	n/a
4434.512	n/a	RECOG_RESP	2217256	n/a	LTP189	ltpFR	16	10	0	VEST	1559	1	n/a	0	n/a	n/a	n/a	n/a	n/a
4435.644	n/a	RECOG_CONF	2217822	n/a	LTP189	ltpFR	16	10	0	VEST	1559	n/a	3	0	n/a	n/a	n/a	n/a	n/a
4437.258	n/a	RECOG_LURE	2218629	n/a	LTP189	ltpFR	16	10	n/a	BASEBALL	93	0	4	n/a	n/a	n/a	n/a	n/a	n/a
4437.722	n/a	RECOG_RESP_VV	2218861	n/a	LTP189	ltpFR	16	10	n/a	BASEBALL	93	1	n/a	n/a	n/a	n/a	n/a	n/a	n/a
4438.296	n/a	RECOG_RESP	2219148	n/a	LTP189	ltpFR	16	10	n/a	BASEBALL	93	0	n/a	n/a	n/a	n/a	n/a	n/a	n/a
4438.808	n/a	RECOG_CONF	2219404	n/a	LTP189	ltpFR	16	10	n/a	BASEBALL	93	n/a	4	n/a	n/a	n/a	n/a	n/a	n/a
4440.702	n/a	RECOG_TARGET	2220351	n/a	LTP189	ltpFR	16	10	1	PILLOW	1069	0	4	0	n/a	n/a	n/a	n/a	n/a
4441.758	n/a	RECOG_RESP	2220879	n/a	LTP189	ltpFR	16	10	1	PILLOW	1069	0	n/a	0	n/a	n/a	n/a	n/a	n/a
4442.34	n/a	RECOG_CONF	2221170	n/a	LTP189	ltpFR	16	10	1	PILLOW	1069	n/a	4	0	n/a	n/a	n/a	n/a	n/a
4452.778	n/a	REC_START	2226389	n/a	LTP189	ltpFR	16	11	n/a	n/a	n/a	n/a	n/a	n/a	n/a	n/a	n/a	n/a	n/a
4452.818	n/a	RECOG_TARGET	2226409	n/a	LTP189	ltpFR	16	11	-1	DOORBELL	487	1	4	-1	n/a	n/a	n/a	n/a	n/a
4453.686	n/a	RECOG_RESP	2226843	n/a	LTP189	ltpFR	16	11	-1	DOORBELL	487	1	n/a	-1	n/a	n/a	n/a	n/a	n/a
4454.28	n/a	RECOG_CONF	2227140	n/a	LTP189	ltpFR	16	11	-1	DOORBELL	487	n/a	4	-1	n/a	n/a	n/a	n/a	n/a
4455.846	n/a	RECOG_TARGET	2227923	n/a	LTP189	ltpFR	16	11	1	CHIEF	298	1	5	1	n/a	n/a	n/a	n/a	n/a
4456.868	n/a	RECOG_RESP	2228434	n/a	LTP189	ltpFR	16	11	1	CHIEF	298	1	n/a	1	n/a	n/a	n/a	n/a	n/a
4457.342	n/a	RECOG_CONF	2228671	n/a	LTP189	ltpFR	16	11	1	CHIEF	298	n/a	5	1	n/a	n/a	n/a	n/a	n/a
4459.142	n/a	RECOG_LURE	2229571	n/a	LTP189	ltpFR	16	11	n/a	CRADLE	399	0	4	n/a	n/a	n/a	n/a	n/a	n/a
4459.708	n/a	RECOG_RESP_VV	2229854	n/a	LTP189	ltpFR	16	11	n/a	CRADLE	399	1	n/a	n/a	n/a	n/a	n/a	n/a	n/a
4460.398	n/a	RECOG_RESP	2230199	n/a	LTP189	ltpFR	16	11	n/a	CRADLE	399	0	n/a	n/a	n/a	n/a	n/a	n/a	n/a
4460.952	n/a	RECOG_CONF	2230476	n/a	LTP189	ltpFR	16	11	n/a	CRADLE	399	n/a	4	n/a	n/a	n/a	n/a	n/a	n/a
4462.686	n/a	RECOG_TARGET	2231343	n/a	LTP189	ltpFR	16	11	1	SUBURB	1399	1	4	0	n/a	n/a	n/a	n/a	n/a
4463.608	n/a	RECOG_RESP	2231804	n/a	LTP189	ltpFR	16	11	1	SUBURB	1399	1	n/a	0	n/a	n/a	n/a	n/a	n/a
4464.196	n/a	RECOG_CONF	2232098	n/a	LTP189	ltpFR	16	11	1	SUBURB	1399	n/a	4	0	n/a	n/a	n/a	n/a	n/a
4465.848	n/a	RECOG_LURE	2232924	n/a	LTP189	ltpFR	16	11	n/a	TICK	1463	1	3	n/a	n/a	n/a	n/a	n/a	n/a
4466.468	n/a	RECOG_RESP	2233234	n/a	LTP189	ltpFR	16	11	n/a	TICK	1463	1	n/a	n/a	n/a	n/a	n/a	n/a	n/a
4467.078	n/a	RECOG_CONF	2233539	n/a	LTP189	ltpFR	16	11	n/a	TICK	1463	n/a	3	n/a	n/a	n/a	n/a	n/a	n/a
4468.594	n/a	RECOG_TARGET	2234297	n/a	LTP189	ltpFR	16	11	0	POSSUM	1112	1	4	0	n/a	n/a	n/a	n/a	n/a
4469.568	n/a	RECOG_RESP	2234784	n/a	LTP189	ltpFR	16	11	0	POSSUM	1112	1	n/a	0	n/a	n/a	n/a	n/a	n/a
4470.03	n/a	RECOG_CONF	2235015	n/a	LTP189	ltpFR	16	11	0	POSSUM	1112	n/a	4	0	n/a	n/a	n/a	n/a	n/a
4471.622	n/a	RECOG_TARGET	2235811	n/a	LTP189	ltpFR	16	11	1	UNICORN	1538	1	5	0	n/a	n/a	n/a	n/a	n/a
4472.76	n/a	RECOG_RESP	2236380	n/a	LTP189	ltpFR	16	11	1	UNICORN	1538	1	n/a	0	n/a	n/a	n/a	n/a	n/a
4473.296	n/a	RECOG_CONF	2236648	n/a	LTP189	ltpFR	16	11	1	UNICORN	1538	n/a	5	0	n/a	n/a	n/a	n/a	n/a
4474.95	n/a	RECOG_TARGET	2237475	n/a	LTP189	ltpFR	16	11	1	CONDUCTOR	362	1	5	1	n/a	n/a	n/a	n/a	n/a
4475.738	n/a	RECOG_RESP	2237869	n/a	LTP189	ltpFR	16	11	1	CONDUCTOR	362	1	n/a	1	n/a	n/a	n/a	n/a	n/a
4476.3	n/a	RECOG_CONF	2238150	n/a	LTP189	ltpFR	16	11	1	CONDUCTOR	362	n/a	5	1	n/a	n/a	n/a	n/a	n/a
4477.98	n/a	RECOG_TARGET	2238990	n/a	LTP189	ltpFR	16	11	1	BONE	148	1	5	0	n/a	n/a	n/a	n/a	n/a
4478.526	n/a	RECOG_RESP	2239263	n/a	LTP189	ltpFR	16	11	1	BONE	148	1	n/a	0	n/a	n/a	n/a	n/a	n/a
4478.988	n/a	RECOG_CONF	2239494	n/a	LTP189	ltpFR	16	11	1	BONE	148	n/a	5	0	n/a	n/a	n/a	n/a	n/a
4480.726	n/a	RECOG_LURE	2240363	n/a	LTP189	ltpFR	16	11	n/a	FAIRY	549	0	1	n/a	n/a	n/a	n/a	n/a	n/a
4481.234	n/a	RECOG_RESP_VV	2240617	n/a	LTP189	ltpFR	16	11	n/a	FAIRY	549	1	n/a	n/a	n/a	n/a	n/a	n/a	n/a
4483.612	n/a	RECOG_RESP	2241806	n/a	LTP189	ltpFR	16	11	n/a	FAIRY	549	0	n/a	n/a	n/a	n/a	n/a	n/a	n/a
4484.038	n/a	RECOG_CONF	2242019	n/a	LTP189	ltpFR	16	11	n/a	FAIRY	549	n/a	1	n/a	n/a	n/a	n/a	n/a	n/a
4485.668	n/a	RECOG_TARGET	2242834	n/a	LTP189	ltpFR	16	11	1	SCAPEGOAT	1244	1	5	1	n/a	n/a	n/a	n/a	n/a
4486.512	n/a	RECOG_RESP	2243256	n/a	LTP189	ltpFR	16	11	1	SCAPEGOAT	1244	1	n/a	1	n/a	n/a	n/a	n/a	n/a
4487.046	n/a	RECOG_CONF	2243523	n/a	LTP189	ltpFR	16	11	1	SCAPEGOAT	1244	n/a	5	1	n/a	n/a	n/a	n/a	n/a
4488.614	n/a	RECOG_TARGET	2244307	n/a	LTP189	ltpFR	16	11	-1	GOLD	647	1	5	-1	n/a	n/a	n/a	n/a	n/a
4489.268	n/a	RECOG_RESP	2244634	n/a	LTP189	ltpFR	16	11	-1	GOLD	647	1	n/a	-1	n/a	n/a	n/a	n/a	n/a
4489.83	n/a	RECOG_CONF	2244915	n/a	LTP189	ltpFR	16	11	-1	GOLD	647	n/a	5	-1	n/a	n/a	n/a	n/a	n/a
4491.36	n/a	RECOG_TARGET	2245680	n/a	LTP189	ltpFR	16	11	0	SERVER	1272	0	3	1	n/a	n/a	n/a	n/a	n/a
4492.284	n/a	RECOG_RESP	2246142	n/a	LTP189	ltpFR	16	11	0	SERVER	1272	0	n/a	1	n/a	n/a	n/a	n/a	n/a
4493.016	n/a	RECOG_CONF	2246508	n/a	LTP189	ltpFR	16	11	0	SERVER	1272	n/a	3	1	n/a	n/a	n/a	n/a	n/a
4494.738	n/a	RECOG_LURE	2247369	n/a	LTP189	ltpFR	16	11	n/a	MACHINE	852	1	3	n/a	n/a	n/a	n/a	n/a	n/a
4495.742	n/a	RECOG_RESP	2247871	n/a	LTP189	ltpFR	16	11	n/a	MACHINE	852	1	n/a	n/a	n/a	n/a	n/a	n/a	n/a
4496.434	n/a	RECOG_CONF	2248217	n/a	LTP189	ltpFR	16	11	n/a	MACHINE	852	n/a	3	n/a	n/a	n/a	n/a	n/a	n/a
4498.032	n/a	RECOG_TARGET	2249016	n/a	LTP189	ltpFR	16	11	1	GOO	648	1	4	0	n/a	n/a	n/a	n/a	n/a
4498.796	n/a	RECOG_RESP	2249398	n/a	LTP189	ltpFR	16	11	1	GOO	648	1	n/a	0	n/a	n/a	n/a	n/a	n/a
4499.338	n/a	RECOG_CONF	2249669	n/a	LTP189	ltpFR	16	11	1	GOO	648	n/a	4	0	n/a	n/a	n/a	n/a	n/a
4500.996	n/a	RECOG_TARGET	2250498	n/a	LTP189	ltpFR	16	11	-1	SHORTCAKE	1292	1	4	-1	n/a	n/a	n/a	n/a	n/a
4501.668	n/a	RECOG_RESP	2250834	n/a	LTP189	ltpFR	16	11	-1	SHORTCAKE	1292	1	n/a	-1	n/a	n/a	n/a	n/a	n/a
4502.164	n/a	RECOG_CONF	2251082	n/a	LTP189	ltpFR	16	11	-1	SHORTCAKE	1292	n/a	4	-1	n/a	n/a	n/a	n/a	n/a
4503.908	n/a	RECOG_TARGET	2251954	n/a	LTP189	ltpFR	16	11	-1	PUDDLE	1140	1	3	-1	n/a	n/a	n/a	n/a	n/a
4504.534	n/a	RECOG_RESP	2252267	n/a	LTP189	ltpFR	16	11	-1	PUDDLE	1140	1	n/a	-1	n/a	n/a	n/a	n/a	n/a
4505.212	n/a	RECOG_CONF	2252606	n/a	LTP189	ltpFR	16	11	-1	PUDDLE	1140	n/a	3	-1	n/a	n/a	n/a	n/a	n/a
4506.938	n/a	RECOG_TARGET	2253469	n/a	LTP189	ltpFR	16	11	-1	COMMANDER	354	1	4	-1	n/a	n/a	n/a	n/a	n/a
4509.792	n/a	RECOG_RESP	2254896	n/a	LTP189	ltpFR	16	11	-1	COMMANDER	354	1	n/a	-1	n/a	n/a	n/a	n/a	n/a
4510.504	n/a	RECOG_CONF	2255252	n/a	LTP189	ltpFR	16	11	-1	COMMANDER	354	n/a	4	-1	n/a	n/a	n/a	n/a	n/a
4512.096	n/a	RECOG_TARGET	2256048	n/a	LTP189	ltpFR	16	11	0	VITAMIN	1574	1	5	0	n/a	n/a	n/a	n/a	n/a
4513.984	n/a	RECOG_RESP	2256992	n/a	LTP189	ltpFR	16	11	0	VITAMIN	1574	1	n/a	0	n/a	n/a	n/a	n/a	n/a
4514.484	n/a	RECOG_CONF	2257242	n/a	LTP189	ltpFR	16	11	0	VITAMIN	1574	n/a	5	0	n/a	n/a	n/a	n/a	n/a
4516.34	n/a	RECOG_TARGET	2258170	n/a	LTP189	ltpFR	16	11	0	ELEPHANT	523	1	5	1	n/a	n/a	n/a	n/a	n/a
4516.972	n/a	RECOG_RESP	2258486	n/a	LTP189	ltpFR	16	11	0	ELEPHANT	523	1	n/a	1	n/a	n/a	n/a	n/a	n/a
4517.498	n/a	RECOG_CONF	2258749	n/a	LTP189	ltpFR	16	11	0	ELEPHANT	523	n/a	5	1	n/a	n/a	n/a	n/a	n/a
4528.576	n/a	REC_START	2264288	n/a	LTP189	ltpFR	16	12	n/a	n/a	n/a	n/a	n/a	n/a	n/a	n/a	n/a	n/a	n/a
4528.606	n/a	RECOG_TARGET	2264303	n/a	LTP189	ltpFR	16	12	1	BATTERY	101	0	3	0	n/a	n/a	n/a	n/a	n/a
4530.31	n/a	RECOG_RESP	2265155	n/a	LTP189	ltpFR	16	12	1	BATTERY	101	0	n/a	0	n/a	n/a	n/a	n/a	n/a
4531.084	n/a	RECOG_CONF	2265542	n/a	LTP189	ltpFR	16	12	1	BATTERY	101	n/a	3	0	n/a	n/a	n/a	n/a	n/a
4532.566	n/a	RECOG_LURE	2266283	n/a	LTP189	ltpFR	16	12	n/a	COUGAR	387	1	3	n/a	n/a	n/a	n/a	n/a	n/a
4533.65	n/a	RECOG_RESP	2266825	n/a	LTP189	ltpFR	16	12	n/a	COUGAR	387	1	n/a	n/a	n/a	n/a	n/a	n/a	n/a
4534.464	n/a	RECOG_CONF	2267232	n/a	LTP189	ltpFR	16	12	n/a	COUGAR	387	n/a	3	n/a	n/a	n/a	n/a	n/a	n/a
4536.228	n/a	RECOG_TARGET	2268114	n/a	LTP189	ltpFR	16	12	0	CARDINAL	244	1	4	0	n/a	n/a	n/a	n/a	n/a
4537.216	n/a	RECOG_RESP	2268608	n/a	LTP189	ltpFR	16	12	0	CARDINAL	244	1	n/a	0	n/a	n/a	n/a	n/a	n/a
4537.95	n/a	RECOG_CONF	2268975	n/a	LTP189	ltpFR	16	12	0	CARDINAL	244	n/a	4	0	n/a	n/a	n/a	n/a	n/a
4539.688	n/a	RECOG_TARGET	2269844	n/a	LTP189	ltpFR	16	12	1	CONTINENT	367	1	5	0	n/a	n/a	n/a	n/a	n/a
4540.442	n/a	RECOG_RESP	2270221	n/a	LTP189	ltpFR	16	12	1	CONTINENT	367	1	n/a	0	n/a	n/a	n/a	n/a	n/a
4541.012	n/a	RECOG_CONF	2270506	n/a	LTP189	ltpFR	16	12	1	CONTINENT	367	n/a	5	0	n/a	n/a	n/a	n/a	n/a
4542.752	n/a	RECOG_TARGET	2271376	n/a	LTP189	ltpFR	16	12	0	CAP	236	0	3	1	n/a	n/a	n/a	n/a	n/a
4545.176	n/a	RECOG_RESP	2272588	n/a	LTP189	ltpFR	16	12	0	CAP	236	0	n/a	1	n/a	n/a	n/a	n/a	n/a
4545.92	n/a	RECOG_CONF	2272960	n/a	LTP189	ltpFR	16	12	0	CAP	236	n/a	3	1	n/a	n/a	n/a	n/a	n/a
4547.71	n/a	RECOG_TARGET	2273855	n/a	LTP189	ltpFR	16	12	1	FLEA	577	1	4	1	n/a	n/a	n/a	n/a	n/a
4548.21	n/a	RECOG_RESP	2274105	n/a	LTP189	ltpFR	16	12	1	FLEA	577	1	n/a	1	n/a	n/a	n/a	n/a	n/a
4548.766	n/a	RECOG_CONF	2274383	n/a	LTP189	ltpFR	16	12	1	FLEA	577	n/a	4	1	n/a	n/a	n/a	n/a	n/a
4550.472	n/a	RECOG_TARGET	2275236	n/a	LTP189	ltpFR	16	12	1	WRIST	1626	1	5	0	n/a	n/a	n/a	n/a	n/a
4551.06	n/a	RECOG_RESP	2275530	n/a	LTP189	ltpFR	16	12	1	WRIST	1626	1	n/a	0	n/a	n/a	n/a	n/a	n/a
4551.576	n/a	RECOG_CONF	2275788	n/a	LTP189	ltpFR	16	12	1	WRIST	1626	n/a	5	0	n/a	n/a	n/a	n/a	n/a
4553.302	n/a	RECOG_TARGET	2276651	n/a	LTP189	ltpFR	16	12	1	TAIL	1430	1	5	0	n/a	n/a	n/a	n/a	n/a
4554.012	n/a	RECOG_RESP	2277006	n/a	LTP189	ltpFR	16	12	1	TAIL	1430	1	n/a	0	n/a	n/a	n/a	n/a	n/a
4554.552	n/a	RECOG_CONF	2277276	n/a	LTP189	ltpFR	16	12	1	TAIL	1430	n/a	5	0	n/a	n/a	n/a	n/a	n/a
4556.33	n/a	RECOG_LURE	2278165	n/a	LTP189	ltpFR	16	12	n/a	PAVEMENT	1028	0	4	n/a	n/a	n/a	n/a	n/a	n/a
4556.976	n/a	RECOG_RESP_VV	2278488	n/a	LTP189	ltpFR	16	12	n/a	PAVEMENT	1028	1	n/a	n/a	n/a	n/a	n/a	n/a	n/a
4557.73	n/a	RECOG_RESP	2278865	n/a	LTP189	ltpFR	16	12	n/a	PAVEMENT	1028	0	n/a	n/a	n/a	n/a	n/a	n/a	n/a
4558.396	n/a	RECOG_CONF	2279198	n/a	LTP189	ltpFR	16	12	n/a	PAVEMENT	1028	n/a	4	n/a	n/a	n/a	n/a	n/a	n/a
4560.142	n/a	RECOG_TARGET	2280071	n/a	LTP189	ltpFR	16	12	1	ELK	526	1	4	1	n/a	n/a	n/a	n/a	n/a
4560.882	n/a	RECOG_RESP_VV	2280441	n/a	LTP189	ltpFR	16	12	1	ELK	526	0	n/a	1	n/a	n/a	n/a	n/a	n/a
4561.262	n/a	RECOG_RESP	2280631	n/a	LTP189	ltpFR	16	12	1	ELK	526	1	n/a	1	n/a	n/a	n/a	n/a	n/a
4561.992	n/a	RECOG_CONF	2280996	n/a	LTP189	ltpFR	16	12	1	ELK	526	n/a	4	1	n/a	n/a	n/a	n/a	n/a
4563.736	n/a	RECOG_TARGET	2281868	n/a	LTP189	ltpFR	16	12	0	MINK	897	1	5	0	n/a	n/a	n/a	n/a	n/a
4564.444	n/a	RECOG_RESP	2282222	n/a	LTP189	ltpFR	16	12	0	MINK	897	1	n/a	0	n/a	n/a	n/a	n/a	n/a
4564.978	n/a	RECOG_CONF	2282489	n/a	LTP189	ltpFR	16	12	0	MINK	897	n/a	5	0	n/a	n/a	n/a	n/a	n/a
4566.932	n/a	RECOG_TARGET	2283466	n/a	LTP189	ltpFR	16	12	0	UNDERWEAR	1537	1	5	0	n/a	n/a	n/a	n/a	n/a
4567.506	n/a	RECOG_RESP	2283753	n/a	LTP189	ltpFR	16	12	0	UNDERWEAR	1537	1	n/a	0	n/a	n/a	n/a	n/a	n/a
4568.016	n/a	RECOG_CONF	2284008	n/a	LTP189	ltpFR	16	12	0	UNDERWEAR	1537	n/a	5	0	n/a	n/a	n/a	n/a	n/a
4569.794	n/a	RECOG_TARGET	2284897	n/a	LTP189	ltpFR	16	12	0	PEDESTRIAN	1038	1	5	1	n/a	n/a	n/a	n/a	n/a
4570.394	n/a	RECOG_RESP	2285197	n/a	LTP189	ltpFR	16	12	0	PEDESTRIAN	1038	1	n/a	1	n/a	n/a	n/a	n/a	n/a
4571.084	n/a	RECOG_CONF	2285542	n/a	LTP189	ltpFR	16	12	0	PEDESTRIAN	1038	n/a	5	1	n/a	n/a	n/a	n/a	n/a
4572.672	n/a	RECOG_TARGET	2286336	n/a	LTP189	ltpFR	16	12	1	CHIP	303	1	5	0	n/a	n/a	n/a	n/a	n/a
4573.166	n/a	RECOG_RESP	2286583	n/a	LTP189	ltpFR	16	12	1	CHIP	303	1	n/a	0	n/a	n/a	n/a	n/a	n/a
4573.684	n/a	RECOG_CONF	2286842	n/a	LTP189	ltpFR	16	12	1	CHIP	303	n/a	5	0	n/a	n/a	n/a	n/a	n/a
4575.386	n/a	RECOG_TARGET	2287693	n/a	LTP189	ltpFR	16	12	1	JOURNAL	760	1	5	0	n/a	n/a	n/a	n/a	n/a
4576.136	n/a	RECOG_RESP	2288068	n/a	LTP189	ltpFR	16	12	1	JOURNAL	760	1	n/a	0	n/a	n/a	n/a	n/a	n/a
4576.682	n/a	RECOG_CONF	2288341	n/a	LTP189	ltpFR	16	12	1	JOURNAL	760	n/a	5	0	n/a	n/a	n/a	n/a	n/a
4578.248	n/a	RECOG_TARGET	2289124	n/a	LTP189	ltpFR	16	12	0	BULB	192	0	4	0	n/a	n/a	n/a	n/a	n/a
4578.94	n/a	RECOG_RESP	2289470	n/a	LTP189	ltpFR	16	12	0	BULB	192	0	n/a	0	n/a	n/a	n/a	n/a	n/a
4579.68	n/a	RECOG_CONF	2289840	n/a	LTP189	ltpFR	16	12	0	BULB	192	n/a	4	0	n/a	n/a	n/a	n/a	n/a
4581.41	n/a	RECOG_TARGET	2290705	n/a	LTP189	ltpFR	16	12	-1	SWATTER	1418	1	5	-1	n/a	n/a	n/a	n/a	n/a
4582.566	n/a	RECOG_RESP_VV	2291283	n/a	LTP189	ltpFR	16	12	-1	SWATTER	1418	0	n/a	-1	n/a	n/a	n/a	n/a	n/a
4583.362	n/a	RECOG_RESP	2291681	n/a	LTP189	ltpFR	16	12	-1	SWATTER	1418	1	n/a	-1	n/a	n/a	n/a	n/a	n/a
4583.968	n/a	RECOG_CONF	2291984	n/a	LTP189	ltpFR	16	12	-1	SWATTER	1418	n/a	5	-1	n/a	n/a	n/a	n/a	n/a
4585.804	n/a	RECOG_TARGET	2292902	n/a	LTP189	ltpFR	16	12	1	CARNIVAL	245	1	5	0	n/a	n/a	n/a	n/a	n/a
4586.446	n/a	RECOG_RESP	2293223	n/a	LTP189	ltpFR	16	12	1	CARNIVAL	245	1	n/a	0	n/a	n/a	n/a	n/a	n/a
4587.038	n/a	RECOG_CONF	2293519	n/a	LTP189	ltpFR	16	12	1	CARNIVAL	245	n/a	5	0	n/a	n/a	n/a	n/a	n/a
4588.682	n/a	RECOG_TARGET	2294341	n/a	LTP189	ltpFR	16	12	0	STREAM	1392	1	4	1	n/a	n/a	n/a	n/a	n/a
4589.412	n/a	RECOG_RESP	2294706	n/a	LTP189	ltpFR	16	12	0	STREAM	1392	1	n/a	1	n/a	n/a	n/a	n/a	n/a
4589.988	n/a	RECOG_CONF	2294994	n/a	LTP189	ltpFR	16	12	0	STREAM	1392	n/a	4	1	n/a	n/a	n/a	n/a	n/a
4591.696	n/a	RECOG_TARGET	2295848	n/a	LTP189	ltpFR	16	12	1	SHORTS	1293	1	3	0	n/a	n/a	n/a	n/a	n/a
4592.258	n/a	RECOG_RESP	2296129	n/a	LTP189	ltpFR	16	12	1	SHORTS	1293	1	n/a	0	n/a	n/a	n/a	n/a	n/a
4593.138	n/a	RECOG_CONF	2296569	n/a	LTP189	ltpFR	16	12	1	SHORTS	1293	n/a	3	0	n/a	n/a	n/a	n/a	n/a
4618.528	n/a	REC_START	2309264	n/a	LTP189	ltpFR	16	13	n/a	n/a	n/a	n/a	n/a	n/a	n/a	n/a	n/a	n/a	n/a
4618.556	n/a	RECOG_TARGET	2309278	n/a	LTP189	ltpFR	16	13	0	POOL	1103	1	4	0	n/a	n/a	n/a	n/a	n/a
4620.354	n/a	RECOG_RESP	2310177	n/a	LTP189	ltpFR	16	13	0	POOL	1103	1	n/a	0	n/a	n/a	n/a	n/a	n/a
4621.106	n/a	RECOG_CONF	2310553	n/a	LTP189	ltpFR	16	13	0	POOL	1103	n/a	4	0	n/a	n/a	n/a	n/a	n/a
4622.616	n/a	RECOG_LURE	2311308	n/a	LTP189	ltpFR	16	13	n/a	ITEM	746	0	5	n/a	n/a	n/a	n/a	n/a	n/a
4623.52	n/a	RECOG_RESP	2311760	n/a	LTP189	ltpFR	16	13	n/a	ITEM	746	0	n/a	n/a	n/a	n/a	n/a	n/a	n/a
4623.976	n/a	RECOG_CONF	2311988	n/a	LTP189	ltpFR	16	13	n/a	ITEM	746	n/a	5	n/a	n/a	n/a	n/a	n/a	n/a
4625.544	n/a	RECOG_TARGET	2312772	n/a	LTP189	ltpFR	16	13	0	RECEIPT	1173	1	4	0	n/a	n/a	n/a	n/a	n/a
4626.344	n/a	RECOG_RESP	2313172	n/a	LTP189	ltpFR	16	13	0	RECEIPT	1173	1	n/a	0	n/a	n/a	n/a	n/a	n/a
4626.924	n/a	RECOG_CONF	2313462	n/a	LTP189	ltpFR	16	13	0	RECEIPT	1173	n/a	4	0	n/a	n/a	n/a	n/a	n/a
4628.324	n/a	RECOG_TARGET	2314162	n/a	LTP189	ltpFR	16	13	1	DRIVEWAY	500	1	5	0	n/a	n/a	n/a	n/a	n/a
4628.938	n/a	RECOG_RESP	2314469	n/a	LTP189	ltpFR	16	13	1	DRIVEWAY	500	1	n/a	0	n/a	n/a	n/a	n/a	n/a
4629.366	n/a	RECOG_CONF	2314683	n/a	LTP189	ltpFR	16	13	1	DRIVEWAY	500	n/a	5	0	n/a	n/a	n/a	n/a	n/a
4631.086	n/a	RECOG_TARGET	2315543	n/a	LTP189	ltpFR	16	13	0	BUTTER	205	1	5	0	n/a	n/a	n/a	n/a	n/a
4632.064	n/a	RECOG_RESP	2316032	n/a	LTP189	ltpFR	16	13	0	BUTTER	205	1	n/a	0	n/a	n/a	n/a	n/a	n/a
4632.83	n/a	RECOG_CONF	2316415	n/a	LTP189	ltpFR	16	13	0	BUTTER	205	n/a	5	0	n/a	n/a	n/a	n/a	n/a
4634.382	n/a	RECOG_TARGET	2317191	n/a	LTP189	ltpFR	16	13	1	VET	1560	1	5	1	n/a	n/a	n/a	n/a	n/a
4634.856	n/a	RECOG_RESP	2317428	n/a	LTP189	ltpFR	16	13	1	VET	1560	1	n/a	1	n/a	n/a	n/a	n/a	n/a
4635.658	n/a	RECOG_CONF	2317829	n/a	LTP189	ltpFR	16	13	1	VET	1560	n/a	5	1	n/a	n/a	n/a	n/a	n/a
4637.51	n/a	RECOG_TARGET	2318755	n/a	LTP189	ltpFR	16	13	1	ARCHITECT	36	1	5	1	n/a	n/a	n/a	n/a	n/a
4637.818	n/a	RECOG_RESP	2318909	n/a	LTP189	ltpFR	16	13	1	ARCHITECT	36	1	n/a	1	n/a	n/a	n/a	n/a	n/a
4638.456	n/a	RECOG_CONF	2319228	n/a	LTP189	ltpFR	16	13	1	ARCHITECT	36	n/a	5	1	n/a	n/a	n/a	n/a	n/a
4640.172	n/a	RECOG_TARGET	2320086	n/a	LTP189	ltpFR	16	13	1	TABLET	1427	1	4	0	n/a	n/a	n/a	n/a	n/a
4640.5	n/a	RECOG_RESP	2320250	n/a	LTP189	ltpFR	16	13	1	TABLET	1427	1	n/a	0	n/a	n/a	n/a	n/a	n/a
4641.158	n/a	RECOG_CONF	2320579	n/a	LTP189	ltpFR	16	13	1	TABLET	1427	n/a	4	0	n/a	n/a	n/a	n/a	n/a
4642.754	n/a	RECOG_TARGET	2321377	n/a	LTP189	ltpFR	16	13	-1	FOLLOWER	589	1	4	-1	n/a	n/a	n/a	n/a	n/a
4643.008	n/a	RECOG_RESP	2321504	n/a	LTP189	ltpFR	16	13	-1	FOLLOWER	589	1	n/a	-1	n/a	n/a	n/a	n/a	n/a
4643.622	n/a	RECOG_CONF	2321811	n/a	LTP189	ltpFR	16	13	-1	FOLLOWER	589	n/a	4	-1	n/a	n/a	n/a	n/a	n/a
4645.448	n/a	RECOG_TARGET	2322724	n/a	LTP189	ltpFR	16	13	0	POLYESTER	1100	1	4	0	n/a	n/a	n/a	n/a	n/a
4645.64	n/a	RECOG_RESP	2322820	n/a	LTP189	ltpFR	16	13	0	POLYESTER	1100	1	n/a	0	n/a	n/a	n/a	n/a	n/a
4646.414	n/a	RECOG_CONF	2323207	n/a	LTP189	ltpFR	16	13	0	POLYESTER	1100	n/a	4	0	n/a	n/a	n/a	n/a	n/a
4648.078	n/a	RECOG_TARGET	2324039	n/a	LTP189	ltpFR	16	13	1	COPIER	377	1	5	0	n/a	n/a	n/a	n/a	n/a
4648.71	n/a	RECOG_RESP	2324355	n/a	LTP189	ltpFR	16	13	1	COPIER	377	1	n/a	0	n/a	n/a	n/a	n/a	n/a
4649.384	n/a	RECOG_CONF	2324692	n/a	LTP189	ltpFR	16	13	1	COPIER	377	n/a	5	0	n/a	n/a	n/a	n/a	n/a
4650.826	n/a	RECOG_TARGET	2325413	n/a	LTP189	ltpFR	16	13	0	CHARCOAL	281	1	4	0	n/a	n/a	n/a	n/a	n/a
4651.404	n/a	RECOG_RESP	2325702	n/a	LTP189	ltpFR	16	13	0	CHARCOAL	281	1	n/a	0	n/a	n/a	n/a	n/a	n/a
4651.914	n/a	RECOG_CONF	2325957	n/a	LTP189	ltpFR	16	13	0	CHARCOAL	281	n/a	4	0	n/a	n/a	n/a	n/a	n/a
4653.67	n/a	RECOG_TARGET	2326835	n/a	LTP189	ltpFR	16	13	-1	STRAW	1390	1	4	-1	n/a	n/a	n/a	n/a	n/a
4654.186	n/a	RECOG_RESP	2327093	n/a	LTP189	ltpFR	16	13	-1	STRAW	1390	1	n/a	-1	n/a	n/a	n/a	n/a	n/a
4654.85	n/a	RECOG_CONF	2327425	n/a	LTP189	ltpFR	16	13	-1	STRAW	1390	n/a	4	-1	n/a	n/a	n/a	n/a	n/a
4656.3	n/a	RECOG_LURE	2328150	n/a	LTP189	ltpFR	16	13	n/a	BATHROOM	99	0	3	n/a	n/a	n/a	n/a	n/a	n/a
4656.752	n/a	RECOG_RESP_VV	2328376	n/a	LTP189	ltpFR	16	13	n/a	BATHROOM	99	1	n/a	n/a	n/a	n/a	n/a	n/a	n/a
4657.474	n/a	RECOG_RESP	2328737	n/a	LTP189	ltpFR	16	13	n/a	BATHROOM	99	0	n/a	n/a	n/a	n/a	n/a	n/a	n/a
4658.144	n/a	RECOG_CONF	2329072	n/a	LTP189	ltpFR	16	13	n/a	BATHROOM	99	n/a	3	n/a	n/a	n/a	n/a	n/a	n/a
4659.928	n/a	RECOG_TARGET	2329964	n/a	LTP189	ltpFR	16	13	-1	PUPPY	1144	1	3	-1	n/a	n/a	n/a	n/a	n/a
4660.49	n/a	RECOG_RESP	2330245	n/a	LTP189	ltpFR	16	13	-1	PUPPY	1144	1	n/a	-1	n/a	n/a	n/a	n/a	n/a
4661.308	n/a	RECOG_CONF	2330654	n/a	LTP189	ltpFR	16	13	-1	PUPPY	1144	n/a	3	-1	n/a	n/a	n/a	n/a	n/a
4663.006	n/a	RECOG_LURE	2331503	n/a	LTP189	ltpFR	16	13	n/a	FENCE	560	0	4	n/a	n/a	n/a	n/a	n/a	n/a
4663.552	n/a	RECOG_RESP_VV	2331776	n/a	LTP189	ltpFR	16	13	n/a	FENCE	560	1	n/a	n/a	n/a	n/a	n/a	n/a	n/a
4664.242	n/a	RECOG_RESP	2332121	n/a	LTP189	ltpFR	16	13	n/a	FENCE	560	0	n/a	n/a	n/a	n/a	n/a	n/a	n/a
4664.798	n/a	RECOG_CONF	2332399	n/a	LTP189	ltpFR	16	13	n/a	FENCE	560	n/a	4	n/a	n/a	n/a	n/a	n/a	n/a
4666.468	n/a	RECOG_TARGET	2333234	n/a	LTP189	ltpFR	16	13	1	LAWN	805	1	4	1	n/a	n/a	n/a	n/a	n/a
4668.382	n/a	RECOG_RESP	2334191	n/a	LTP189	ltpFR	16	13	1	LAWN	805	1	n/a	1	n/a	n/a	n/a	n/a	n/a
4668.958	n/a	RECOG_CONF	2334479	n/a	LTP189	ltpFR	16	13	1	LAWN	805	n/a	4	1	n/a	n/a	n/a	n/a	n/a
4670.362	n/a	RECOG_TARGET	2335181	n/a	LTP189	ltpFR	16	13	1	CATTLE	261	1	4	1	n/a	n/a	n/a	n/a	n/a
4671.624	n/a	RECOG_RESP	2335812	n/a	LTP189	ltpFR	16	13	1	CATTLE	261	1	n/a	1	n/a	n/a	n/a	n/a	n/a
4672.168	n/a	RECOG_CONF	2336084	n/a	LTP189	ltpFR	16	13	1	CATTLE	261	n/a	4	1	n/a	n/a	n/a	n/a	n/a
4673.974	n/a	RECOG_LURE	2336987	n/a	LTP189	ltpFR	16	13	n/a	REFEREE	1178	0	5	n/a	n/a	n/a	n/a	n/a	n/a
4674.546	n/a	RECOG_RESP_VV	2337273	n/a	LTP189	ltpFR	16	13	n/a	REFEREE	1178	1	n/a	n/a	n/a	n/a	n/a	n/a	n/a
4675.834	n/a	RECOG_RESP	2337917	n/a	LTP189	ltpFR	16	13	n/a	REFEREE	1178	0	n/a	n/a	n/a	n/a	n/a	n/a	n/a
4676.582	n/a	RECOG_CONF	2338291	n/a	LTP189	ltpFR	16	13	n/a	REFEREE	1178	n/a	5	n/a	n/a	n/a	n/a	n/a	n/a
4678.216	n/a	RECOG_TARGET	2339108	n/a	LTP189	ltpFR	16	13	1	OATMEAL	967	0	3	0	n/a	n/a	n/a	n/a	n/a
4679.844	n/a	RECOG_RESP	2339922	n/a	LTP189	ltpFR	16	13	1	OATMEAL	967	0	n/a	0	n/a	n/a	n/a	n/a	n/a
4680.452	n/a	RECOG_CONF	2340226	n/a	LTP189	ltpFR	16	13	1	OATMEAL	967	n/a	3	0	n/a	n/a	n/a	n/a	n/a
4691.382	n/a	REC_START	2345691	n/a	LTP189	ltpFR	16	14	n/a	n/a	n/a	n/a	n/a	n/a	n/a	n/a	n/a	n/a	n/a
4691.414	n/a	RECOG_TARGET	2345707	n/a	LTP189	ltpFR	16	14	0	EAR	513	1	3	0	n/a	n/a	n/a	n/a	n/a
4692.21	n/a	RECOG_RESP	2346105	n/a	LTP189	ltpFR	16	14	0	EAR	513	1	n/a	0	n/a	n/a	n/a	n/a	n/a
4692.892	n/a	RECOG_CONF	2346446	n/a	LTP189	ltpFR	16	14	0	EAR	513	n/a	3	0	n/a	n/a	n/a	n/a	n/a
4694.442	n/a	RECOG_TARGET	2347221	n/a	LTP189	ltpFR	16	14	0	SAXOPHONE	1240	1	4	0	n/a	n/a	n/a	n/a	n/a
4695.268	n/a	RECOG_RESP	2347634	n/a	LTP189	ltpFR	16	14	0	SAXOPHONE	1240	1	n/a	0	n/a	n/a	n/a	n/a	n/a
4695.896	n/a	RECOG_CONF	2347948	n/a	LTP189	ltpFR	16	14	0	SAXOPHONE	1240	n/a	4	0	n/a	n/a	n/a	n/a	n/a
4697.388	n/a	RECOG_TARGET	2348694	n/a	LTP189	ltpFR	16	14	-1	TOOTHPASTE	1483	1	4	-1	n/a	n/a	n/a	n/a	n/a
4698.044	n/a	RECOG_RESP	2349022	n/a	LTP189	ltpFR	16	14	-1	TOOTHPASTE	1483	1	n/a	-1	n/a	n/a	n/a	n/a	n/a
4698.564	n/a	RECOG_CONF	2349282	n/a	LTP189	ltpFR	16	14	-1	TOOTHPASTE	1483	n/a	4	-1	n/a	n/a	n/a	n/a	n/a
4700.318	n/a	RECOG_TARGET	2350159	n/a	LTP189	ltpFR	16	14	0	NEWSSTAND	949	1	4	0	n/a	n/a	n/a	n/a	n/a
4700.916	n/a	RECOG_RESP	2350458	n/a	LTP189	ltpFR	16	14	0	NEWSSTAND	949	1	n/a	0	n/a	n/a	n/a	n/a	n/a
4701.458	n/a	RECOG_CONF	2350729	n/a	LTP189	ltpFR	16	14	0	NEWSSTAND	949	n/a	4	0	n/a	n/a	n/a	n/a	n/a
4703.18	n/a	RECOG_TARGET	2351590	n/a	LTP189	ltpFR	16	14	-1	TWISTER	1530	1	3	-1	n/a	n/a	n/a	n/a	n/a
4703.386	n/a	RECOG_RESP	2351693	n/a	LTP189	ltpFR	16	14	-1	TWISTER	1530	1	n/a	-1	n/a	n/a	n/a	n/a	n/a
4704.088	n/a	RECOG_CONF	2352044	n/a	LTP189	ltpFR	16	14	-1	TWISTER	1530	n/a	3	-1	n/a	n/a	n/a	n/a	n/a
4705.642	n/a	RECOG_TARGET	2352821	n/a	LTP189	ltpFR	16	14	0	TANK	1432	1	4	1	n/a	n/a	n/a	n/a	n/a
4705.998	n/a	RECOG_RESP	2352999	n/a	LTP189	ltpFR	16	14	0	TANK	1432	1	n/a	1	n/a	n/a	n/a	n/a	n/a
4706.602	n/a	RECOG_CONF	2353301	n/a	LTP189	ltpFR	16	14	0	TANK	1432	n/a	4	1	n/a	n/a	n/a	n/a	n/a
4708.456	n/a	RECOG_LURE	2354228	n/a	LTP189	ltpFR	16	14	n/a	SKETCH	1315	0	4	n/a	n/a	n/a	n/a	n/a	n/a
4711.708	n/a	RECOG_RESP	2355854	n/a	LTP189	ltpFR	16	14	n/a	SKETCH	1315	0	n/a	n/a	n/a	n/a	n/a	n/a	n/a
4712.454	n/a	RECOG_CONF	2356227	n/a	LTP189	ltpFR	16	14	n/a	SKETCH	1315	n/a	4	n/a	n/a	n/a	n/a	n/a	n/a
4714.146	n/a	RECOG_TARGET	2357073	n/a	LTP189	ltpFR	16	14	-1	CANAL	226	1	5	-1	n/a	n/a	n/a	n/a	n/a
4715.432	n/a	RECOG_RESP	2357716	n/a	LTP189	ltpFR	16	14	-1	CANAL	226	1	n/a	-1	n/a	n/a	n/a	n/a	n/a
4716.01	n/a	RECOG_CONF	2358005	n/a	LTP189	ltpFR	16	14	-1	CANAL	226	n/a	5	-1	n/a	n/a	n/a	n/a	n/a
4717.676	n/a	RECOG_TARGET	2358838	n/a	LTP189	ltpFR	16	14	1	BASSINET	97	1	5	1	n/a	n/a	n/a	n/a	n/a
4718.212	n/a	RECOG_RESP	2359106	n/a	LTP189	ltpFR	16	14	1	BASSINET	97	1	n/a	1	n/a	n/a	n/a	n/a	n/a
4718.904	n/a	RECOG_CONF	2359452	n/a	LTP189	ltpFR	16	14	1	BASSINET	97	n/a	5	1	n/a	n/a	n/a	n/a	n/a
4720.604	n/a	RECOG_TARGET	2360302	n/a	LTP189	ltpFR	16	14	0	THESAURUS	1454	1	5	0	n/a	n/a	n/a	n/a	n/a
4721.27	n/a	RECOG_RESP	2360635	n/a	LTP189	ltpFR	16	14	0	THESAURUS	1454	1	n/a	0	n/a	n/a	n/a	n/a	n/a
4721.772	n/a	RECOG_CONF	2360886	n/a	LTP189	ltpFR	16	14	0	THESAURUS	1454	n/a	5	0	n/a	n/a	n/a	n/a	n/a
4723.418	n/a	RECOG_TARGET	2361709	n/a	LTP189	ltpFR	16	14	-1	JOINT	758	1	5	-1	n/a	n/a	n/a	n/a	n/a
4724.098	n/a	RECOG_RESP	2362049	n/a	LTP189	ltpFR	16	14	-1	JOINT	758	1	n/a	-1	n/a	n/a	n/a	n/a	n/a
4724.604	n/a	RECOG_CONF	2362302	n/a	LTP189	ltpFR	16	14	-1	JOINT	758	n/a	5	-1	n/a	n/a	n/a	n/a	n/a
4726.28	n/a	RECOG_LURE	2363140	n/a	LTP189	ltpFR	16	14	n/a	EYE	545	0	3	n/a	n/a	n/a	n/a	n/a	n/a
4727.138	n/a	RECOG_RESP	2363569	n/a	LTP189	ltpFR	16	14	n/a	EYE	545	0	n/a	n/a	n/a	n/a	n/a	n/a	n/a
4727.678	n/a	RECOG_CONF	2363839	n/a	LTP189	ltpFR	16	14	n/a	EYE	545	n/a	3	n/a	n/a	n/a	n/a	n/a	n/a
4729.408	n/a	RECOG_TARGET	2364704	n/a	LTP189	ltpFR	16	14	-1	LASER	801	1	4	-1	n/a	n/a	n/a	n/a	n/a
4730.056	n/a	RECOG_RESP	2365028	n/a	LTP189	ltpFR	16	14	-1	LASER	801	1	n/a	-1	n/a	n/a	n/a	n/a	n/a
4730.768	n/a	RECOG_CONF	2365384	n/a	LTP189	ltpFR	16	14	-1	LASER	801	n/a	4	-1	n/a	n/a	n/a	n/a	n/a
4732.37	n/a	RECOG_TARGET	2366185	n/a	LTP189	ltpFR	16	14	-1	SURF	1412	1	4	-1	n/a	n/a	n/a	n/a	n/a
4732.992	n/a	RECOG_RESP	2366496	n/a	LTP189	ltpFR	16	14	-1	SURF	1412	1	n/a	-1	n/a	n/a	n/a	n/a	n/a
4733.55	n/a	RECOG_CONF	2366775	n/a	LTP189	ltpFR	16	14	-1	SURF	1412	n/a	4	-1	n/a	n/a	n/a	n/a	n/a
4735.132	n/a	RECOG_LURE	2367566	n/a	LTP189	ltpFR	16	14	n/a	SEA	1259	0	3	n/a	n/a	n/a	n/a	n/a	n/a
4736.122	n/a	RECOG_RESP	2368061	n/a	LTP189	ltpFR	16	14	n/a	SEA	1259	0	n/a	n/a	n/a	n/a	n/a	n/a	n/a
4737.046	n/a	RECOG_CONF	2368523	n/a	LTP189	ltpFR	16	14	n/a	SEA	1259	n/a	3	n/a	n/a	n/a	n/a	n/a	n/a
4738.796	n/a	RECOG_TARGET	2369398	n/a	LTP189	ltpFR	16	14	1	LADDER	793	1	5	0	n/a	n/a	n/a	n/a	n/a
4739.496	n/a	RECOG_RESP_VV	2369748	n/a	LTP189	ltpFR	16	14	1	LADDER	793	0	n/a	0	n/a	n/a	n/a	n/a	n/a
4740.078	n/a	RECOG_RESP	2370039	n/a	LTP189	ltpFR	16	14	1	LADDER	793	1	n/a	0	n/a	n/a	n/a	n/a	n/a
4740.776	n/a	RECOG_CONF	2370388	n/a	LTP189	ltpFR	16	14	1	LADDER	793	n/a	5	0	n/a	n/a	n/a	n/a	n/a
4742.19	n/a	RECOG_TARGET	2371095	n/a	LTP189	ltpFR	16	14	1	YOLK	1633	1	4	0	n/a	n/a	n/a	n/a	n/a
4742.834	n/a	RECOG_RESP	2371417	n/a	LTP189	ltpFR	16	14	1	YOLK	1633	1	n/a	0	n/a	n/a	n/a	n/a	n/a
4743.518	n/a	RECOG_CONF	2371759	n/a	LTP189	ltpFR	16	14	1	YOLK	1633	n/a	4	0	n/a	n/a	n/a	n/a	n/a
4744.902	n/a	RECOG_LURE	2372451	n/a	LTP189	ltpFR	16	14	n/a	LIVER	833	1	1	n/a	n/a	n/a	n/a	n/a	n/a
4745.338	n/a	RECOG_RESP	2372669	n/a	LTP189	ltpFR	16	14	n/a	LIVER	833	1	n/a	n/a	n/a	n/a	n/a	n/a	n/a
4746.978	n/a	RECOG_CONF	2373489	n/a	LTP189	ltpFR	16	14	n/a	LIVER	833	n/a	1	n/a	n/a	n/a	n/a	n/a	n/a
4748.596	n/a	RECOG_TARGET	2374298	n/a	LTP189	ltpFR	16	14	0	BUS	201	1	3	1	n/a	n/a	n/a	n/a	n/a
4752.248	n/a	RECOG_RESP_VV	2376124	n/a	LTP189	ltpFR	16	14	0	BUS	201	0	n/a	1	n/a	n/a	n/a	n/a	n/a
4752.97	n/a	RECOG_RESP	2376485	n/a	LTP189	ltpFR	16	14	0	BUS	201	1	n/a	1	n/a	n/a	n/a	n/a	n/a
4753.768	n/a	RECOG_CONF	2376884	n/a	LTP189	ltpFR	16	14	0	BUS	201	n/a	3	1	n/a	n/a	n/a	n/a	n/a
4755.702	n/a	RECOG_TARGET	2377851	n/a	LTP189	ltpFR	16	14	0	POWDER	1117	1	4	0	n/a	n/a	n/a	n/a	n/a
4758.754	n/a	RECOG_RESP	2379377	n/a	LTP189	ltpFR	16	14	0	POWDER	1117	1	n/a	0	n/a	n/a	n/a	n/a	n/a
4759.394	n/a	RECOG_CONF	2379697	n/a	LTP189	ltpFR	16	14	0	POWDER	1117	n/a	4	0	n/a	n/a	n/a	n/a	n/a
4792.678	n/a	REC_START	2396339	n/a	LTP189	ltpFR	16	15	n/a	n/a	n/a	n/a	n/a	n/a	n/a	n/a	n/a	n/a	n/a
4792.714	n/a	RECOG_TARGET	2396357	n/a	LTP189	ltpFR	16	15	0	CATHEDRAL	260	1	4	1	n/a	n/a	n/a	n/a	n/a
4793.588	n/a	RECOG_RESP	2396794	n/a	LTP189	ltpFR	16	15	0	CATHEDRAL	260	1	n/a	1	n/a	n/a	n/a	n/a	n/a
4794.26	n/a	RECOG_CONF	2397130	n/a	LTP189	ltpFR	16	15	0	CATHEDRAL	260	n/a	4	1	n/a	n/a	n/a	n/a	n/a
4795.81	n/a	RECOG_LURE	2397905	n/a	LTP189	ltpFR	16	15	n/a	GRILL	661	0	5	n/a	n/a	n/a	n/a	n/a	n/a
4796.556	n/a	RECOG_RESP	2398278	n/a	LTP189	ltpFR	16	15	n/a	GRILL	661	0	n/a	n/a	n/a	n/a	n/a	n/a	n/a
4796.982	n/a	RECOG_CONF	2398491	n/a	LTP189	ltpFR	16	15	n/a	GRILL	661	n/a	5	n/a	n/a	n/a	n/a	n/a	n/a
4798.59	n/a	RECOG_TARGET	2399295	n/a	LTP189	ltpFR	16	15	1	SISTER	1312	1	4	0	n/a	n/a	n/a	n/a	n/a
4799.618	n/a	RECOG_RESP_VV	2399809	n/a	LTP189	ltpFR	16	15	1	SISTER	1312	0	n/a	0	n/a	n/a	n/a	n/a	n/a
4800.18	n/a	RECOG_RESP	2400090	n/a	LTP189	ltpFR	16	15	1	SISTER	1312	1	n/a	0	n/a	n/a	n/a	n/a	n/a
4800.834	n/a	RECOG_CONF	2400417	n/a	LTP189	ltpFR	16	15	1	SISTER	1312	n/a	4	0	n/a	n/a	n/a	n/a	n/a
4802.416	n/a	RECOG_LURE	2401208	n/a	LTP189	ltpFR	16	15	n/a	NEST	945	1	3	n/a	n/a	n/a	n/a	n/a	n/a
4803.502	n/a	RECOG_RESP	2401751	n/a	LTP189	ltpFR	16	15	n/a	NEST	945	1	n/a	n/a	n/a	n/a	n/a	n/a	n/a
4804.274	n/a	RECOG_CONF	2402137	n/a	LTP189	ltpFR	16	15	n/a	NEST	945	n/a	3	n/a	n/a	n/a	n/a	n/a	n/a
4805.978	n/a	RECOG_TARGET	2402989	n/a	LTP189	ltpFR	16	15	0	COMMITTEE	355	1	4	1	n/a	n/a	n/a	n/a	n/a
4806.642	n/a	RECOG_RESP	2403321	n/a	LTP189	ltpFR	16	15	0	COMMITTEE	355	1	n/a	1	n/a	n/a	n/a	n/a	n/a
4807.16	n/a	RECOG_CONF	2403580	n/a	LTP189	ltpFR	16	15	0	COMMITTEE	355	n/a	4	1	n/a	n/a	n/a	n/a	n/a
4808.824	n/a	RECOG_TARGET	2404412	n/a	LTP189	ltpFR	16	15	1	PAIL	1002	1	4	0	n/a	n/a	n/a	n/a	n/a
4809.388	n/a	RECOG_RESP	2404694	n/a	LTP189	ltpFR	16	15	1	PAIL	1002	1	n/a	0	n/a	n/a	n/a	n/a	n/a
4810.094	n/a	RECOG_CONF	2405047	n/a	LTP189	ltpFR	16	15	1	PAIL	1002	n/a	4	0	n/a	n/a	n/a	n/a	n/a
4811.636	n/a	RECOG_TARGET	2405818	n/a	LTP189	ltpFR	16	15	0	ELEVATOR	524	1	4	0	n/a	n/a	n/a	n/a	n/a
4812.09	n/a	RECOG_RESP	2406045	n/a	LTP189	ltpFR	16	15	0	ELEVATOR	524	1	n/a	0	n/a	n/a	n/a	n/a	n/a
4812.778	n/a	RECOG_CONF	2406389	n/a	LTP189	ltpFR	16	15	0	ELEVATOR	524	n/a	4	0	n/a	n/a	n/a	n/a	n/a
4814.316	n/a	RECOG_LURE	2407158	n/a	LTP189	ltpFR	16	15	n/a	FACE	547	1	1	n/a	n/a	n/a	n/a	n/a	n/a
4814.884	n/a	RECOG_RESP	2407442	n/a	LTP189	ltpFR	16	15	n/a	FACE	547	1	n/a	n/a	n/a	n/a	n/a	n/a	n/a
4815.592	n/a	RECOG_CONF	2407796	n/a	LTP189	ltpFR	16	15	n/a	FACE	547	n/a	1	n/a	n/a	n/a	n/a	n/a	n/a
4817.262	n/a	RECOG_TARGET	2408631	n/a	LTP189	ltpFR	16	15	1	ABDOMEN	1	1	4	1	n/a	n/a	n/a	n/a	n/a
4817.858	n/a	RECOG_RESP	2408929	n/a	LTP189	ltpFR	16	15	1	ABDOMEN	1	1	n/a	1	n/a	n/a	n/a	n/a	n/a
4818.504	n/a	RECOG_CONF	2409252	n/a	LTP189	ltpFR	16	15	1	ABDOMEN	1	n/a	4	1	n/a	n/a	n/a	n/a	n/a
4819.99	n/a	RECOG_TARGET	2409995	n/a	LTP189	ltpFR	16	15	0	HUMAN	726	0	3	0	n/a	n/a	n/a	n/a	n/a
4820.81	n/a	RECOG_RESP	2410405	n/a	LTP189	ltpFR	16	15	0	HUMAN	726	0	n/a	0	n/a	n/a	n/a	n/a	n/a
4821.418	n/a	RECOG_CONF	2410709	n/a	LTP189	ltpFR	16	15	0	HUMAN	726	n/a	3	0	n/a	n/a	n/a	n/a	n/a
4823.086	n/a	RECOG_TARGET	2411543	n/a	LTP189	ltpFR	16	15	0	MARKET	871	1	5	0	n/a	n/a	n/a	n/a	n/a
4823.59	n/a	RECOG_RESP	2411795	n/a	LTP189	ltpFR	16	15	0	MARKET	871	1	n/a	0	n/a	n/a	n/a	n/a	n/a
4824.172	n/a	RECOG_CONF	2412086	n/a	LTP189	ltpFR	16	15	0	MARKET	871	n/a	5	0	n/a	n/a	n/a	n/a	n/a
4825.648	n/a	RECOG_LURE	2412824	n/a	LTP189	ltpFR	16	15	n/a	SOFTBALL	1343	0	5	n/a	n/a	n/a	n/a	n/a	n/a
4826.856	n/a	RECOG_RESP_VV	2413428	n/a	LTP189	ltpFR	16	15	n/a	SOFTBALL	1343	1	n/a	n/a	n/a	n/a	n/a	n/a	n/a
4830.546	n/a	RECOG_RESP	2415273	n/a	LTP189	ltpFR	16	15	n/a	SOFTBALL	1343	0	n/a	n/a	n/a	n/a	n/a	n/a	n/a
4831.256	n/a	RECOG_CONF	2415628	n/a	LTP189	ltpFR	16	15	n/a	SOFTBALL	1343	n/a	5	n/a	n/a	n/a	n/a	n/a	n/a
4833.038	n/a	RECOG_TARGET	2416519	n/a	LTP189	ltpFR	16	15	0	PAINT	1003	0	3	0	n/a	n/a	n/a	n/a	n/a
4835.182	n/a	RECOG_RESP	2417591	n/a	LTP189	ltpFR	16	15	0	PAINT	1003	0	n/a	0	n/a	n/a	n/a	n/a	n/a
4836.334	n/a	RECOG_CONF	2418167	n/a	LTP189	ltpFR	16	15	0	PAINT	1003	n/a	3	0	n/a	n/a	n/a	n/a	n/a
4838.014	n/a	RECOG_TARGET	2419007	n/a	LTP189	ltpFR	16	15	0	JUG	762	1	4	0	n/a	n/a	n/a	n/a	n/a
4839.634	n/a	RECOG_RESP	2419817	n/a	LTP189	ltpFR	16	15	0	JUG	762	1	n/a	0	n/a	n/a	n/a	n/a	n/a
4840.186	n/a	RECOG_CONF	2420093	n/a	LTP189	ltpFR	16	15	0	JUG	762	n/a	4	0	n/a	n/a	n/a	n/a	n/a
4841.858	n/a	RECOG_TARGET	2420929	n/a	LTP189	ltpFR	16	15	0	PRIMATE	1123	1	3	0	n/a	n/a	n/a	n/a	n/a
4842.75	n/a	RECOG_RESP	2421375	n/a	LTP189	ltpFR	16	15	0	PRIMATE	1123	1	n/a	0	n/a	n/a	n/a	n/a	n/a
4843.738	n/a	RECOG_CONF	2421869	n/a	LTP189	ltpFR	16	15	0	PRIMATE	1123	n/a	3	0	n/a	n/a	n/a	n/a	n/a
4845.252	n/a	RECOG_TARGET	2422626	n/a	LTP189	ltpFR	16	15	-1	GLASS	639	1	4	-1	n/a	n/a	n/a	n/a	n/a
4846.046	n/a	RECOG_RESP	2423023	n/a	LTP189	ltpFR	16	15	-1	GLASS	639	1	n/a	-1	n/a	n/a	n/a	n/a	n/a
4846.604	n/a	RECOG_CONF	2423302	n/a	LTP189	ltpFR	16	15	-1	GLASS	639	n/a	4	-1	n/a	n/a	n/a	n/a	n/a
4848.166	n/a	RECOG_LURE	2424083	n/a	LTP189	ltpFR	16	15	n/a	PLIERS	1089	0	5	n/a	n/a	n/a	n/a	n/a	n/a
4848.734	n/a	RECOG_RESP_VV	2424367	n/a	LTP189	ltpFR	16	15	n/a	PLIERS	1089	1	n/a	n/a	n/a	n/a	n/a	n/a	n/a
4849.332	n/a	RECOG_RESP	2424666	n/a	LTP189	ltpFR	16	15	n/a	PLIERS	1089	0	n/a	n/a	n/a	n/a	n/a	n/a	n/a
4849.868	n/a	RECOG_CONF	2424934	n/a	LTP189	ltpFR	16	15	n/a	PLIERS	1089	n/a	5	n/a	n/a	n/a	n/a	n/a	n/a
4851.56	n/a	RECOG_TARGET	2425780	n/a	LTP189	ltpFR	16	15	-1	DEPUTY	450	1	5	-1	n/a	n/a	n/a	n/a	n/a
4852.666	n/a	RECOG_RESP	2426333	n/a	LTP189	ltpFR	16	15	-1	DEPUTY	450	1	n/a	-1	n/a	n/a	n/a	n/a	n/a
4853.262	n/a	RECOG_CONF	2426631	n/a	LTP189	ltpFR	16	15	-1	DEPUTY	450	n/a	5	-1	n/a	n/a	n/a	n/a	n/a
4854.872	n/a	RECOG_LURE	2427436	n/a	LTP189	ltpFR	16	15	n/a	EXPERT	543	0	4	n/a	n/a	n/a	n/a	n/a	n/a
4855.844	n/a	RECOG_RESP	2427922	n/a	LTP189	ltpFR	16	15	n/a	EXPERT	543	0	n/a	n/a	n/a	n/a	n/a	n/a	n/a
4856.448	n/a	RECOG_CONF	2428224	n/a	LTP189	ltpFR	16	15	n/a	EXPERT	543	n/a	4	n/a	n/a	n/a	n/a	n/a	n/a
4857.902	n/a	RECOG_TARGET	2428951	n/a	LTP189	ltpFR	16	15	-1	GALLON	618	1	4	-1	n/a	n/a	n/a	n/a	n/a
4858.736	n/a	RECOG_RESP	2429368	n/a	LTP189	ltpFR	16	15	-1	GALLON	618	1	n/a	-1	n/a	n/a	n/a	n/a	n/a
4859.402	n/a	RECOG_CONF	2429701	n/a	LTP189	ltpFR	16	15	-1	GALLON	618	n/a	4	-1	n/a	n/a	n/a	n/a	n/a
4862.478	n/a	REC_START	2431239	n/a	LTP189	ltpFR	16	16	n/a	n/a	n/a	n/a	n/a	n/a	n/a	n/a	n/a	n/a	n/a
4862.512	n/a	RECOG_LURE	2431256	n/a	LTP189	ltpFR	16	16	n/a	CARD	243	1	3	n/a	n/a	n/a	n/a	n/a	n/a
4863.728	n/a	RECOG_RESP_VV	2431864	n/a	LTP189	ltpFR	16	16	n/a	CARD	243	0	n/a	n/a	n/a	n/a	n/a	n/a	n/a
4864.304	n/a	RECOG_RESP	2432152	n/a	LTP189	ltpFR	16	16	n/a	CARD	243	1	n/a	n/a	n/a	n/a	n/a	n/a	n/a
4865.37	n/a	RECOG_CONF	2432685	n/a	LTP189	ltpFR	16	16	n/a	CARD	243	n/a	3	n/a	n/a	n/a	n/a	n/a	n/a
4866.854	n/a	RECOG_TARGET	2433427	n/a	LTP189	ltpFR	16	16	-1	CONE	363	0	4	-1	n/a	n/a	n/a	n/a	n/a
4867.792	n/a	RECOG_RESP_VV	2433896	n/a	LTP189	ltpFR	16	16	-1	CONE	363	1	n/a	-1	n/a	n/a	n/a	n/a	n/a
4870.644	n/a	RECOG_RESP	2435322	n/a	LTP189	ltpFR	16	16	-1	CONE	363	0	n/a	-1	n/a	n/a	n/a	n/a	n/a
4871.39	n/a	RECOG_CONF	2435695	n/a	LTP189	ltpFR	16	16	-1	CONE	363	n/a	4	-1	n/a	n/a	n/a	n/a	n/a
4873.112	n/a	RECOG_TARGET	2436556	n/a	LTP189	ltpFR	16	16	-1	LIST	830	1	5	-1	n/a	n/a	n/a	n/a	n/a
4873.764	n/a	RECOG_RESP	2436882	n/a	LTP189	ltpFR	16	16	-1	LIST	830	1	n/a	-1	n/a	n/a	n/a	n/a	n/a
4874.252	n/a	RECOG_CONF	2437126	n/a	LTP189	ltpFR	16	16	-1	LIST	830	n/a	5	-1	n/a	n/a	n/a	n/a	n/a
4875.792	n/a	RECOG_TARGET	2437896	n/a	LTP189	ltpFR	16	16	0	BRAKE	166	1	4	0	n/a	n/a	n/a	n/a	n/a
4877.086	n/a	RECOG_RESP	2438543	n/a	LTP189	ltpFR	16	16	0	BRAKE	166	1	n/a	0	n/a	n/a	n/a	n/a	n/a
4877.606	n/a	RECOG_CONF	2438803	n/a	LTP189	ltpFR	16	16	0	BRAKE	166	n/a	4	0	n/a	n/a	n/a	n/a	n/a
4879.27	n/a	RECOG_TARGET	2439635	n/a	LTP189	ltpFR	16	16	0	TYPEWRITER	1531	1	4	0	n/a	n/a	n/a	n/a	n/a
4880.334	n/a	RECOG_RESP	2440167	n/a	LTP189	ltpFR	16	16	0	TYPEWRITER	1531	1	n/a	0	n/a	n/a	n/a	n/a	n/a
4880.88	n/a	RECOG_CONF	2440440	n/a	LTP189	ltpFR	16	16	0	TYPEWRITER	1531	n/a	4	0	n/a	n/a	n/a	n/a	n/a
4882.598	n/a	RECOG_TARGET	2441299	n/a	LTP189	ltpFR	16	16	1	ROSE	1212	1	1	0	n/a	n/a	n/a	n/a	n/a
4883.208	n/a	RECOG_RESP	2441604	n/a	LTP189	ltpFR	16	16	1	ROSE	1212	1	n/a	0	n/a	n/a	n/a	n/a	n/a
4883.768	n/a	RECOG_RESP_VV	2441884	n/a	LTP189	ltpFR	16	16	1	ROSE	1212	n/a	4	0	n/a	n/a	n/a	n/a	n/a
4884.732	n/a	RECOG_CONF	2442366	n/a	LTP189	ltpFR	16	16	1	ROSE	1212	n/a	1	0	n/a	n/a	n/a	n/a	n/a
4886.342	n/a	RECOG_LURE	2443171	n/a	LTP189	ltpFR	16	16	n/a	BAKER	71	1	3	n/a	n/a	n/a	n/a	n/a	n/a
4887.124	n/a	RECOG_RESP	2443562	n/a	LTP189	ltpFR	16	16	n/a	BAKER	71	1	n/a	n/a	n/a	n/a	n/a	n/a	n/a
4887.75	n/a	RECOG_CONF	2443875	n/a	LTP189	ltpFR	16	16	n/a	BAKER	71	n/a	3	n/a	n/a	n/a	n/a	n/a	n/a
4889.204	n/a	RECOG_TARGET	2444602	n/a	LTP189	ltpFR	16	16	1	LINT	826	1	4	0	n/a	n/a	n/a	n/a	n/a
4890.218	n/a	RECOG_RESP	2445109	n/a	LTP189	ltpFR	16	16	1	LINT	826	1	n/a	0	n/a	n/a	n/a	n/a	n/a
4890.812	n/a	RECOG_CONF	2445406	n/a	LTP189	ltpFR	16	16	1	LINT	826	n/a	4	0	n/a	n/a	n/a	n/a	n/a
4892.384	n/a	RECOG_TARGET	2446192	n/a	LTP189	ltpFR	16	16	1	FLIPPER	580	1	3	0	n/a	n/a	n/a	n/a	n/a
4894.884	n/a	RECOG_RESP	2447442	n/a	LTP189	ltpFR	16	16	1	FLIPPER	580	1	n/a	0	n/a	n/a	n/a	n/a	n/a
4895.73	n/a	RECOG_CONF	2447865	n/a	LTP189	ltpFR	16	16	1	FLIPPER	580	n/a	3	0	n/a	n/a	n/a	n/a	n/a
4897.31	n/a	RECOG_TARGET	2448655	n/a	LTP189	ltpFR	16	16	-1	UMPIRE	1535	1	4	-1	n/a	n/a	n/a	n/a	n/a
4898.402	n/a	RECOG_RESP	2449201	n/a	LTP189	ltpFR	16	16	-1	UMPIRE	1535	1	n/a	-1	n/a	n/a	n/a	n/a	n/a
4899.058	n/a	RECOG_CONF	2449529	n/a	LTP189	ltpFR	16	16	-1	UMPIRE	1535	n/a	4	-1	n/a	n/a	n/a	n/a	n/a
4900.688	n/a	RECOG_TARGET	2450344	n/a	LTP189	ltpFR	16	16	1	RUST	1219	1	5	0	n/a	n/a	n/a	n/a	n/a
4903.612	n/a	RECOG_RESP	2451806	n/a	LTP189	ltpFR	16	16	1	RUST	1219	1	n/a	0	n/a	n/a	n/a	n/a	n/a
4904.132	n/a	RECOG_CONF	2452066	n/a	LTP189	ltpFR	16	16	1	RUST	1219	n/a	5	0	n/a	n/a	n/a	n/a	n/a
4905.964	n/a	RECOG_TARGET	2452982	n/a	LTP189	ltpFR	16	16	0	SUPERVISOR	1410	1	4	1	n/a	n/a	n/a	n/a	n/a
4906.714	n/a	RECOG_RESP	2453357	n/a	LTP189	ltpFR	16	16	0	SUPERVISOR	1410	1	n/a	1	n/a	n/a	n/a	n/a	n/a
4907.35	n/a	RECOG_CONF	2453675	n/a	LTP189	ltpFR	16	16	0	SUPERVISOR	1410	n/a	4	1	n/a	n/a	n/a	n/a	n/a
4908.794	n/a	RECOG_LURE	2454397	n/a	LTP189	ltpFR	16	16	n/a	RABBIT	1152	1	3	n/a	n/a	n/a	n/a	n/a	n/a
4909.524	n/a	RECOG_RESP	2454762	n/a	LTP189	ltpFR	16	16	n/a	RABBIT	1152	1	n/a	n/a	n/a	n/a	n/a	n/a	n/a
4910.03	n/a	RECOG_CONF	2455015	n/a	LTP189	ltpFR	16	16	n/a	RABBIT	1152	n/a	3	n/a	n/a	n/a	n/a	n/a	n/a
4911.538	n/a	RECOG_LURE	2455769	n/a	LTP189	ltpFR	16	16	n/a	ATLAS	53	0	4	n/a	n/a	n/a	n/a	n/a	n/a
4912.3	n/a	RECOG_RESP	2456150	n/a	LTP189	ltpFR	16	16	n/a	ATLAS	53	0	n/a	n/a	n/a	n/a	n/a	n/a	n/a
4912.738	n/a	RECOG_CONF	2456369	n/a	LTP189	ltpFR	16	16	n/a	ATLAS	53	n/a	4	n/a	n/a	n/a	n/a	n/a	n/a
4914.384	n/a	RECOG_LURE	2457192	n/a	LTP189	ltpFR	16	16	n/a	SUPERMARKET	1409	0	5	n/a	n/a	n/a	n/a	n/a	n/a
4915.286	n/a	RECOG_RESP	2457643	n/a	LTP189	ltpFR	16	16	n/a	SUPERMARKET	1409	0	n/a	n/a	n/a	n/a	n/a	n/a	n/a
4915.762	n/a	RECOG_CONF	2457881	n/a	LTP189	ltpFR	16	16	n/a	SUPERMARKET	1409	n/a	5	n/a	n/a	n/a	n/a	n/a	n/a
4917.396	n/a	RECOG_TARGET	2458698	n/a	LTP189	ltpFR	16	16	0	CHICKEN	297	0	4	0	n/a	n/a	n/a	n/a	n/a
4918.182	n/a	RECOG_RESP	2459091	n/a	LTP189	ltpFR	16	16	0	CHICKEN	297	0	n/a	0	n/a	n/a	n/a	n/a	n/a
4918.504	n/a	RECOG_CONF	2459252	n/a	LTP189	ltpFR	16	16	0	CHICKEN	297	n/a	4	0	n/a	n/a	n/a	n/a	n/a
4920.208	n/a	RECOG_LURE	2460104	n/a	LTP189	ltpFR	16	16	n/a	BEGGAR	117	0	5	n/a	n/a	n/a	n/a	n/a	n/a
4920.946	n/a	RECOG_RESP	2460473	n/a	LTP189	ltpFR	16	16	n/a	BEGGAR	117	0	n/a	n/a	n/a	n/a	n/a	n/a	n/a
4921.418	n/a	RECOG_CONF	2460709	n/a	LTP189	ltpFR	16	16	n/a	BEGGAR	117	n/a	5	n/a	n/a	n/a	n/a	n/a	n/a
4922.822	n/a	RECOG_TARGET	2461411	n/a	LTP189	ltpFR	16	16	0	DUST	508	1	4	1	n/a	n/a	n/a	n/a	n/a
4923.894	n/a	RECOG_RESP	2461947	n/a	LTP189	ltpFR	16	16	0	DUST	508	1	n/a	1	n/a	n/a	n/a	n/a	n/a
4924.442	n/a	RECOG_CONF	2462221	n/a	LTP189	ltpFR	16	16	0	DUST	508	n/a	4	1	n/a	n/a	n/a	n/a	n/a
4926.132	n/a	RECOG_LURE	2463066	n/a	LTP189	ltpFR	16	16	n/a	LEADER	807	0	3	n/a	n/a	n/a	n/a	n/a	n/a
4930.474	n/a	RECOG_RESP	2465237	n/a	LTP189	ltpFR	16	16	n/a	LEADER	807	0	n/a	n/a	n/a	n/a	n/a	n/a	n/a
4931.09	n/a	RECOG_CONF	2465545	n/a	LTP189	ltpFR	16	16	n/a	LEADER	807	n/a	3	n/a	n/a	n/a	n/a	n/a	n/a
4932.758	n/a	RECOG_TARGET	2466379	n/a	LTP189	ltpFR	16	16	-1	FLOOR	581	1	4	-1	n/a	n/a	n/a	n/a	n/a
4933.424	n/a	RECOG_RESP	2466712	n/a	LTP189	ltpFR	16	16	-1	FLOOR	581	1	n/a	-1	n/a	n/a	n/a	n/a	n/a
4933.96	n/a	RECOG_CONF	2466980	n/a	LTP189	ltpFR	16	16	-1	FLOOR	581	n/a	4	-1	n/a	n/a	n/a	n/a	n/a
4937.134	n/a	SESS_END	2468567	n/a	LTP189	ltpFR	16	16	n/a	n/a	n/a	n/a	n/a	n/a	n/a	n/a	n/a	n/a	n/a
